0
-3.0517578125000000e-05
-3.0516377591993660e-05
-6.1027098126942292e-05
-3.0514212994603440e-05
-6.1011862271698192e-05
-6.0994014347670600e-05
-6.0982514696661383e-05
-3.0497039915644564e-05
-6.0901304095750675e-05
-3.0418867027037777e-05
-6.0756043239962310e-05
-3.4040155139081207e-09
-3.0375431379070505e-05
-6.0632995882770047e-05
-6.0688489611493424e-05
-3.0424469514400698e-05
-9.0661895228549838e-05
-3.0213253921829164e-05
-1.4076213972202822e-07
-5.9958350902888924e-05
-6.0039412346668541e-05
-3.0144368793116882e-05
-6.0148737247800454e-05
-3.0253859222284518e-05
-8.9539229520596564e-05
-2.9902137612225488e-05
-5.9346697526052594e-05
-2.9571361665148288e-05
-4.6377996909541253e-07
-8.8086795585695654e-05
-5.9032910940004513e-05
-5.8654008171288297e-05
-2.9778533644275740e-05
-5.7592086477598059e-07
-8.7229054770432413e-05
-5.8089895901503041e-05
-8.6879175796639174e-05
-9.5887321549525950e-07
-5.7960318372352049e-05
-2.8991125873290002e-05
-8.5163177573122084e-05
-2.7959382350672968e-05
-2.7767315259552561e-05
-2.6832949515664950e-05
-2.7183961719856597e-05
-2.6895242626778781e-05
-5.5063534091459587e-05
-2.7163961931364611e-05
-2.7137000870425254e-05
-2.5499084586044773e-05
-5.1935152441728860e-05
2.3144004899222637e-06
-2.5991806978709064e-05
-2.7215597583563067e-05
-8.2184516941197217e-05
-5.5873777455417439e-05
-8.1484839029144496e-05
-2.6786377929965965e-05
-2.5238923626602627e-05
-2.3041346139507368e-05
-2.3920629246276803e-05
-2.4177994419005699e-05
-7.6134463597554713e-05
-2.5932342396117747e-05
-2.6504336346988566e-05
-4.9185608077095821e-05
-2.5180241209454834e-05
-4.8279067414114252e-05
-4.9525639042258263e-05
-2.4842236598487943e-05
-4.8908987082540989e-05
-2.3012868041405454e-05
-2.2451293261838146e-05
-4.3045922211604193e-05
-2.0995992599637248e-05
-2.0760200641234405e-05
-2.3568038159282878e-05
-4.6151784772519022e-05
-4.8077039537020028e-05
-4.6677261707372963e-05
-4.7173063649097458e-05
-2.3568598408019170e-05
-4.5395932829705998e-05
-2.2101146896602586e-05
-4.3028368963859975e-05
-3.9696860767435282e-05
-1.8312979591428302e-05
5.3434127949003596e-06
-1.4469780580839142e-05
8.2794822446885519e-06
-5.0434999138815328e-05
3.0561805033357814e-05
1.0856922017410398e-05
-6.5669792093103752e-06
9.5237828645622358e-06
-9.9522185337264091e-06
-1.3842964108334854e-05
-1.3832994227414019e-05
-3.3321895898552611e-05
4.8600281843391713e-06
-1.2737139513774309e-05
-9.8163836810272187e-06
-1.0671953532437328e-05
-9.1741267169709317e-06
-1.1576057659112848e-05
-1.1479984095785767e-05
-1.4935163562768139e-05
-1.4989986084401608e-05
-3.2934887713054195e-05
-1.4721541447215714e-05
-2.9383305445662700e-05
-1.0062195542559493e-05
4.3541358536458574e-06
-9.9500348369474523e-06
-2.9162825740058906e-05
-3.1352275982499123e-05
-3.5731212847167626e-05
-6.8394056143006310e-06
-4.6653585741296411e-05
-1.3093132110952865e-05
-9.3974222181714140e-06
-4.2907140596071258e-06
-1.8332242689211853e-05
1.7756459783413447e-05
-2.5762928999029100e-05
-2.7860818590852432e-05
-3.0078223062446341e-05
-1.4133038348518312e-05
-1.1208559044462163e-05
-5.8484924920776393e-06
-1.7208594726980664e-05
4.1929260987672023e-06
-2.2062718926463276e-05
-1.2767504813382402e-05
-2.5111556169576943e-05
-1.2576919289131183e-05
-2.3179301933851093e-05
-1.3749056051892694e-05
-2.9057715437375009e-05
-3.2929638109635562e-05
-3.7266352592268959e-05
-3.3781863749027252e-05
-2.7703194064088166e-05
-1.6195224816328846e-05
7.5209618444205262e-06
4.4200646698300261e-06
9.2804075393360108e-06
-9.5440445875283331e-06
-1.4922859918442555e-05
-7.7261665865080431e-06
-3.7900841221016890e-07
-1.0492937690287363e-05
-3.5484770251059672e-06
-1.0223732715530787e-05
-8.3594695752253756e-06
-1.1283266758255195e-05
-2.1251664293231443e-05
-1.5460338545381092e-05
-2.8048607418895699e-05
-2.1914138415013440e-05
-1.9156488633598201e-05
-2.0086006770725362e-05
-3.1043698982102796e-05
-2.1512316379812546e-05
-1.5338322555180639e-05
2.7607331958279246e-06
-8.1060005641120370e-07
1.0807640137500130e-05
4.7149201236607041e-06
-3.3226783102691115e-07
2.6227569378534099e-06
5.6389189921901561e-06
1.1373604138498195e-05
9.2239188234088942e-06
1.4618902923757560e-06
-2.7718770070350729e-06
-1.5535373677266762e-05
-1.7896634744829498e-05
-2.0292414774303325e-05
-1.1455596904852428e-05
5.6754839761197218e-07
1.7315764125669375e-05
2.2330550564220175e-05
1.8372114936937578e-05
9.6360363386338577e-06
-1.9910976334358566e-06
-8.1756097642937675e-06
-1.2267447345948312e-05
-9.0392013589735143e-06
-5.7101224228972569e-06
-2.3238428070726513e-08
1.6849268149599084e-06
2.9846903544239467e-06
1.2727307421300793e-06
-2.7255168788542505e-06
-8.5556321209878661e-06
-1.5588178939651698e-05
-1.9533033992047422e-05
-2.4741853849263862e-05
-2.4512346499250270e-05
-1.8989559976034798e-05
-5.0753506002365611e-06
1.0239997209282592e-05
2.3169593987404369e-05
2.8019341698382050e-05
2.1293852114467882e-05
5.9743920246546622e-06
-1.2046821211697534e-05
-2.5050278054550290e-05
-2.8467989977798425e-05
-2.1904890672885813e-05
-1.1353447916917503e-05
-2.1846440176886972e-06
3.8201324059627950e-07
-3.5116959224978928e-06
-9.3289427240961231e-06
-1.2293406143726315e-05
-9.0957610154873691e-06
-1.7195367263411754e-06
5.3443441174749751e-06
6.9050929596414790e-06
1.5629991594323656e-06
-7.9744204413145781e-06
-1.5923156752251089e-05
-1.6943553418968804e-05
-8.9927652879850939e-06
4.7573466872563586e-06
1.8242864825879224e-05
2.5671954063000157e-05
2.5139826902886853e-05
1.8918899513664655e-05
1.1948768587899394e-05
8.7041771621443331e-06
1.0802690667333081e-05
1.6001002222765237e-05
2.0789168047485873e-05
2.2154823454911821e-05
1.9692612113431096e-05
1.4854939763608854e-05
1.0426774679217488e-05
7.5857119554711971e-06
6.2094077293295413e-06
5.2472778406809084e-06
4.3207242015341762e-06
3.9904257391754072e-06
5.3419817049871199e-06
8.4391786003834568e-06
1.2154832802480087e-05
1.4181998267304152e-05
1.3541402040573303e-05
1.0761191333585884e-05
8.1038888311013579e-06
7.3544538281566929e-06
8.1678535934770480e-06
8.3466647993191145e-06
5.3265321184881032e-06
-1.6840233456605347e-06
-1.0333008503948804e-05
-1.6434461940662004e-05
-1.6235011571552604e-05
-9.3868038675282151e-06
7.4156571372441249e-07
8.8321221483056433e-06
1.0873640349018387e-05
6.0574975577765144e-06
-2.5454028218518943e-06
-1.0603003829601221e-05
-1.4556323549186345e-05
-1.3710891835216898e-05
-9.3475573521573097e-06
-3.5246303013991565e-06
2.0823752038268140e-06
6.8836029640806373e-06
1.0675083103706129e-05
1.2981390682398342e-05
1.3246061826066580e-05
1.1323645594529808e-05
7.9882765930960886e-06
4.4932166929356754e-06
1.8886210000346182e-06
3.7509195749407809e-07
-3.9212852698256029e-07
-8.5353849499369971e-07
-7.4400014682396431e-07
-1.8852888672427071e-07
8.7947705651458818e-07
1.5132504813664127e-06
9.6898565971059725e-07
-1.8281407392350957e-06
-6.3178413256537169e-06
-1.1416028428357095e-05
-1.5564117347821593e-05
-1.7806307369028218e-05
-1.7853395547717810e-05
-1.6167417925316840e-05
-1.3244005458545871e-05
-9.6448120530112647e-06
-5.8297582654631697e-06
-2.8879658202640712e-06
-1.9496383174555376e-06
-4.3776353777502663e-06
-1.0060233762487769e-05
-1.7267790099140257e-05
-2.2607266146223992e-05
-2.2531390641233884e-05
-1.5325320418924093e-05
-3.0976527796156006e-06
9.5837058324832469e-06
1.7157195543404669e-05
1.6467769455630332e-05
8.4117200458422303e-06
-2.5705098778416868e-06
-1.1097440619778354e-05
-1.3378615221881773e-05
-9.3829585239291191e-06
-2.2484948658529902e-06
3.5153564112988533e-06
4.4579019231605344e-06
-6.1094726788724074e-07
-9.9297285487409681e-06
-2.0193961972836405e-05
-2.7225365556660108e-05
-2.8342117730062455e-05
-2.2956328393775038e-05
-1.3452188795781694e-05
-4.0669792724656872e-06
9.2305197085806867e-07
-1.2256663239895715e-07
-6.2252620409708470e-06
-1.4172234841680620e-05
-2.1027168259024620e-05
-2.4902125005610287e-05
-2.5883173293550499e-05
-2.4790468160063028e-05
-2.2574524336960167e-05
-1.9270737539045513e-05
-1.4959251529944595e-05
-9.9153230621595867e-06
-5.1900515245506540e-06
-1.7230264575118781e-06
-2.1176654740884260e-07
-6.2553613133786712e-07
-2.7316568775859196e-06
-5.9433768910821527e-06
-9.9211683846078813e-06
-1.3807251889375038e-05
-1.6742435036576353e-05
-1.7959599063033238e-05
-1.7811755242291838e-05
-1.7271511751459911e-05
-1.7497484805062413e-05
-1.8166621885029599e-05
-1.8002050637733191e-05
-1.5067369531607255e-05
-9.0558369265636429e-06
-1.7631400623940863e-06
3.1143240448727738e-06
2.9370969514275203e-06
-2.2865438040753361e-06
-9.1992314992239699e-06
-1.2788139429176226e-05
-9.2611198851955123e-06
6.3230754676624201e-07
1.1994803571724333e-05
1.7701315300655551e-05
1.3121447409503162e-05
-7.7040300539010786e-07
-1.7442522221244872e-05
-2.8298160032136366e-05
-2.7352274628356099e-05
-1.5045757209009025e-05
2.6029497348645236e-06
1.6877884263521992e-05
2.2062789867050014e-05
1.7595826648175716e-05
8.5693936853203923e-06
2.5425110834476072e-06
4.7713156163808890e-06
1.5273599274223670e-05
2.8901780751766637e-05
3.8346344808815047e-05
3.8410631532315165e-05
2.9183258448028937e-05
1.6266822058241814e-05
6.8222734626033343e-06
5.4919705689826515e-06
1.2106330359529238e-05
2.2251553673413582e-05
3.0446242817561142e-05
3.3552467357367277e-05
3.1656054488848895e-05
2.7680660423357040e-05
2.3911878088256344e-05
2.1442256183945574e-05
1.9121214791084640e-05
1.5824884030735120e-05
1.1532090866239741e-05
8.2565220509422943e-06
8.0028039519675076e-06
1.2142352716182359e-05
1.9685639927047305e-05
2.8001670216326602e-05
3.4208766010124236e-05
3.7110632547410205e-05
3.7313784559955820e-05
3.7166733818594366e-05
3.8538775697816163e-05
4.2043273424496874e-05
4.5816632336936891e-05
4.7550580347888172e-05
4.6081280743237585e-05
4.2904517613351345e-05
4.0957154851639643e-05
4.2966028559021652e-05
4.8263871576637030e-05
5.3526291594607756e-05
5.4278058087220415e-05
4.9196387408301234e-05
4.1086979763349518e-05
3.5762284824158996e-05
3.7839276046724990e-05
4.7088517021620646e-05
5.7494489738019183e-05
6.0880011005792767e-05
5.1582734158728272e-05
3.0395405701710843e-05
4.0397653719992377e-06
-1.8069826182909310e-05
-2.9676433769054711e-05
-2.9967357477289625e-05
-2.3457811039406806e-05
-1.6262360077234916e-05
-1.3078073607175611e-05
-1.5593321222695522e-05
-2.2185802663443610e-05
-2.9871585866203532e-05
-3.6074365198146552e-05
-3.8771591789554805e-05
-3.7076308217365295e-05
-3.1039904570207000e-05
-2.2394589905161411e-05
-1.4102151908446103e-05
-9.3497565103461966e-06
-9.9379676612443291e-06
-1.5087008250702638e-05
-2.1760964955319650e-05
-2.6278543373337016e-05
-2.6445413823239505e-05
-2.2770662326365709e-05
-1.7900249076774344e-05
-1.5500072549912147e-05
-1.7637572454987094e-05
-2.3768105165800080e-05
-3.1231553293764591e-05
-3.6216813896317035e-05
-3.6413122870726511e-05
-3.1787465559318662e-05
-2.4459008272970095e-05
-1.7399102944182232e-05
-1.2994698408874683e-05
-1.2255626643309370e-05
-1.4224420738173649e-05
-1.6908139514271170e-05
-1.8507149434299208e-05
-1.8228973203804344e-05
-1.6833182598929852e-05
-1.5890938811935484e-05
-1.6731955838622525e-05
-1.9671635527629405e-05
-2.3220520233735442e-05
-2.5443969207117334e-05
-2.5111990908044390e-05
-2.2513602743856609e-05
-1.9646455257316120e-05
-1.8616508896229789e-05
-2.0103765564272180e-05
-2.2727597752236761e-05
-2.4148615921149030e-05
-2.2824013285571709e-05
-1.9453978893579915e-05
-1.6062918803072535e-05
-1.5001631254563108e-05
-1.6679176042089239e-05
-1.9326758774695918e-05
-2.0199682694510557e-05
-1.7315906006842852e-05
-1.0918140105786733e-05
-3.5674738683155738e-06
1.5371783774753567e-06
2.4142000256688334e-06
-1.0696302297219518e-06
-7.1434760684496723e-06
-1.3187571312300861e-05
-1.7174501408590004e-05
-1.8684917449718341e-05
-1.8689715943764895e-05
-1.8770402675727382e-05
-1.9946404790971428e-05
-2.1793668565806001e-05
-2.2381866074283607e-05
-2.0010393200209364e-05
-1.4155257304082625e-05
-6.4620380726410076e-06
-1.3187167269279598e-07
2.0154996036580997e-06
-6.4887274220382096e-07
-5.9548642639128957e-06
-1.0345576811232604e-05
-1.1139760317746550e-05
-8.3515787991927937e-06
-4.5854376367060468e-06
-3.2282230222335784e-06
-6.4638488765922375e-06
-1.3566621419158764e-05
-2.1774540073238313e-05
-2.7471156499814242e-05
-2.8312646463746205e-05
-2.4554252377129160e-05
-1.8417869796394370e-05
-1.2643738955375738e-05
-8.8336291810264811e-06
-7.0826854425831698e-06
-5.9927288020844571e-06
-4.3606851249933243e-06
-1.1764088867494138e-06
3.2975544854707550e-06
7.9426154115935788e-06
1.1548654583748430e-05
1.3002116247662343e-05
1.2181626516394317e-05
9.8912569228559732e-06
7.4061472332687117e-06
5.6067142395477276e-06
4.4632606659433804e-06
3.9096394175430760e-06
2.9564132546511246e-06
1.0158908025914570e-06
-2.1273558559187222e-06
-5.9487920225365087e-06
-9.6024959930218756e-06
-1.2415481251082383e-05
-1.4115139492787421e-05
-1.4302433555712923e-05
-1.2779420103470329e-05
-8.7443095253547654e-06
-1.4861245745123597e-06
8.8299766503041610e-06
1.9912558855139650e-05
2.7894204322365113e-05
2.9479224394890480e-05
2.3941654944792390e-05
1.4389486750587821e-05
6.4005716922110878e-06
4.9013210627890658e-06
1.0924346497631632e-05
2.0525934814941138e-05
2.7014699298888445e-05
2.4273915187222883e-05
1.1645985068753362e-05
-6.2241906562121585e-06
-2.0596831745933741e-05
-2.4716799089219421e-05
-1.6884416254470125e-05
-1.8946335558212013e-06
1.2278542271815240e-05
1.9088482076767832e-05
1.7304802895523608e-05
1.0881276466534473e-05
5.9769681683974341e-06
6.7739401856670156e-06
1.3402033800957724e-05
2.2016311049810611e-05
2.8063725039828569e-05
2.8423539333743975e-05
2.3609585696249269e-05
1.6419671737821773e-05
1.0749100511020515e-05
8.9496488726581447e-06
1.1259044185862876e-05
1.5838933904888108e-05
2.0341725758044049e-05
2.2980346329859458e-05
2.3576390958623961e-05
2.2937445464776829e-05
2.2549837012775242e-05
2.2920663468539715e-05
2.3489468730986118e-05
2.2625958081334829e-05
1.8879754861700349e-05
1.1480304237920791e-05
1.5344796793215210e-06
-8.9420855147182010e-06
-1.7023468899424188e-05
-2.0003017198177986e-05
-1.5838135368539952e-05
-4.8750148380349856e-06
1.0665838999557309e-05
2.6062138203997165e-05
3.6201985494699329e-05
3.8084403058746830e-05
3.1734860385768116e-05
2.1142197510926053e-05
1.1385821380827110e-05
6.8977083174104337e-06
8.9135992311639711e-06
1.5591549527016468e-05
2.3797194444341585e-05
3.0518323910655454e-05
3.4467855584807694e-05
3.5554661735659465e-05
3.4922253689728677e-05
3.3502947189845145e-05
3.1967254471965134e-05
2.9804077712469734e-05
2.6320554752601311e-05
2.0947554730810225e-05
1.4741729501110967e-05
1.0047099749499466e-05
9.2446116468636319e-06
1.3073811715003103e-05
1.9624745618784800e-05
2.5052102500922047e-05
2.6195888494839892e-05
2.2807165805716068e-05
1.8107941286871210e-05
1.6246296581812203e-05
1.9624118067440577e-05
2.6024896214948967e-05
3.0836075893603265e-05
2.9362641726038419e-05
2.1060910512460396e-05
9.3696053227176890e-06
1.6190017504413845e-07
-2.6774991965794470e-06
1.2021704378639697e-06
8.4043604147154838e-06
1.4311417544377036e-05
1.5696425180067308e-05
1.2178958058939315e-05
5.6156604841817170e-06
-4.1757937196962303e-07
-3.2190184811042855e-06
-8.9641548584040720e-07
6.3076922742766328e-06
1.6544607206014916e-05
2.6574241928756237e-05
3.3108561183325946e-05
3.3790100133046508e-05
2.8579035642906092e-05
1.9062244973611087e-05
8.2676433521555737e-06
-1.1800864285760326e-06
-7.2050197559292428e-06
-9.4446959337801673e-06
-8.7438384070992470e-06
-6.8954805101384409e-06
-5.9611843425955158e-06
-7.1751514951756690e-06
-1.0284056770615280e-05
-1.4154265045362990e-05
-1.6261839846265502e-05
-1.4983332221163437e-05
-9.9652334029087797e-06
-3.2034552077675471e-06
1.9700175926118391e-06
2.2604745026910678e-06
-3.4145737117796671e-06
-1.3028971807216294e-05
-2.2262569473241456e-05
-2.7095635232399218e-05
-2.5741044737515040e-05
-2.0268054868211038e-05
-1.4492134141619317e-05
-1.2113714547012933e-05
-1.3900089470553212e-05
-1.7694068446871825e-05
-2.0135197701165453e-05
-1.9797971617663279e-05
-1.7751517589204013e-05
-1.7057362128980458e-05
-1.9940078345825896e-05
-2.5970488422899507e-05
-3.2107840524986386e-05
-3.4381391742499545e-05
-3.0852726922603324e-05
-2.3228236386785284e-05
-1.5167772289714776e-05
-1.0451110938447528e-05
-1.0095434845425189e-05
-1.2521823919087183e-05
-1.4950382137612905e-05
-1.6506182873854414e-05
-1.8646558601176366e-05
-2.3701259124209173e-05
-3.2578500395175070e-05
-4.3736472434829921e-05
-5.3089395805727690e-05
-5.7569483033148572e-05
-5.5768752645235509e-05
-4.9466652853880078e-05
-4.2209168896079063e-05
-3.7334386433940381e-05
-3.6022032873006538e-05
-3.7589670682791620e-05
-3.9919075788930058e-05
-4.1477323975414038e-05
-4.1896477341651917e-05
-4.1396357119083405e-05
-3.9855982322478667e-05
-3.7266967410687357e-05
-3.3314478059764951e-05
-2.9173652364988811e-05
-2.7099100407212973e-05
-2.9715487471548840e-05
-3.7663190596504137e-05
-4.8973484808811918e-05
-5.9093315940117463e-05
-6.3824176322668791e-05
-6.1599057517014444e-05
-5.4710209951736033e-05
-4.6945322537794709e-05
-4.2159306758549064e-05
-4.1572362533770502e-05
-4.4539498048834503e-05
-4.8529123887419701e-05
-5.1617855206131935e-05
-5.1736315072048455e-05
-4.8388763389084488e-05
-4.1160441469401121e-05
-3.1706069421488792e-05
-2.2759755665902048e-05
-1.8083548638969660e-05
-2.0147528630332090e-05
-2.9166003514546901e-05
-4.2096631659660488e-05
-5.4463300330098718e-05
-6.1779326642863452e-05
-6.2105274992063642e-05
-5.6116707128239796e-05
-4.6967667003627867e-05
-3.7958667235216126e-05
-3.1797451811144128e-05
-2.9281251045176759e-05
-2.9582399292849004e-05
-3.0627896194346249e-05
-3.0404053177335300e-05
-2.7670725103234872e-05
-2.2297717805486172e-05
-1.5070821973495185e-05
-7.3470173447276466e-06
-2.7380411893318524e-07
5.0533149078546558e-06
8.2581846072571352e-06
9.1912252173642628e-06
8.7459757196484134e-06
7.8584125731140375e-06
7.7352387961582281e-06
8.7088119471445680e-06
1.0915311577264220e-05
1.3335565199668054e-05
1.5381188859464601e-05
1.6761718143243343e-05
1.8660601199371740e-05
2.2100000933278352e-05
2.7997060897178017e-05
3.5561828553909436e-05
4.3158106564078480e-05
4.7761976020410657e-05
4.7385117795784026e-05
4.1617582610342652e-05
3.2464871765114367e-05
2.3209158825920895e-05
1.8133288904209621e-05
1.9466890080366284e-05
2.7733480237657204e-05
4.0461036405758932e-05
5.4088355682324618e-05
6.4325773564632982e-05
6.9078902015462518e-05
6.7770815803669393e-05
6.2765160691924393e-05
5.6792996474541724e-05
5.2230105211492628e-05
4.9580416089156643e-05
4.8365076509071514e-05
4.7354726120829582e-05
4.6682514948770404e-05
4.7105979319894686e-05
5.0175141950603575e-05
5.6077544286381453e-05
6.3446837884839624e-05
6.9650777732022107e-05
7.2416441980749369e-05
7.0952570240478963e-05
6.7170381953474134e-05
6.3679617596790195e-05
6.2785526097286493e-05
6.4809588366188109e-05
6.8500172346830368e-05
7.1372225647792220e-05
7.1803398896008730e-05
6.9714267738163471e-05
6.7023873270954937e-05
6.5551263105589896e-05
6.6739448811858892e-05
6.9648907810915262e-05
7.2635870310477912e-05
7.3843308200594038e-05
7.2766932134982198e-05
7.0027730544097722e-05
6.7666893301066011e-05
6.6870998125523329e-05
6.8063731305301189e-05
6.9281944888643920e-05
6.8406159698497504e-05
6.3428618886973709e-05
5.4903830459807068e-05
4.4957705540582538e-05
3.7307523598428816e-05
3.4807548217941076e-05
3.8194568332983181e-05
4.4962507672607899e-05
5.1580376748461276e-05
5.4203719628276303e-05
5.2361254347488284e-05
4.7658468247391284e-05
4.3780451960628852e-05
4.2787563870660961e-05
4.4245876779314131e-05
4.5093300286680460e-05
4.2370713345007971e-05
3.4734861401375383e-05
2.4623721401439980e-05
1.6069656339823268e-05
1.3273893273435533e-05
1.6863588825799525e-05
2.4341094103874639e-05
3.0943148885853589e-05
3.3139178412966430e-05
2.9839868147973903e-05
2.3733407942927442e-05
1.8165534129366279e-05
1.5691508451709524e-05
1.6205673091462813e-05
1.7973281501326710e-05
1.8703971363720484e-05
1.7686703358776867e-05
1.4859921975585166e-05
1.1643063771771267e-05
8.7637199612800032e-06
6.8152776293572970e-06
5.1318461373739410e-06
3.5839607335219625e-06
1.7293000382778700e-06
4.6691380362062773e-07
3.4782465263560880e-07
1.8981961602548836e-06
4.0669742702448275e-06
5.1442307267279830e-06
3.2987272788886912e-06
-1.5802504549355945e-06
-8.4602652350440621e-06
-1.4812070730840787e-05
-1.9292727301944979e-05
-2.1876378013985232e-05
-2.4848799512255937e-05
-3.0270004572230391e-05
-3.9004662539809942e-05
-4.8357069317717105e-05
-5.4365445976145566e-05
-5.3450297855306417e-05
-4.6296907385112718e-05
-3.6732431908603758e-05
-3.0953327950555831e-05
-3.2766256481409073e-05
-4.2551546357572079e-05
-5.6040320487227291e-05
-6.8015164288226515e-05
-7.3988900112453848e-05
-7.3348775913473219e-05
-6.8027606175746769e-05
-6.2389415688812733e-05
-5.9768284700112417e-05
-6.2059414631221443e-05
-6.8347420892678201e-05
-7.7017422881908715e-05
-8.4998318925499916e-05
-9.0365836513228714e-05
-9.2170914285816252e-05
-9.1514608357101679e-05
-9.0161804109811783e-05
-9.0548535808920860e-05
-9.3186259618960321e-05
-9.7147567430511117e-05
-1.0006310913013294e-04
-1.0020725312642753e-04
-9.6985997515730560e-05
-9.2611800937447697e-05
-9.0078363427892327e-05
-9.1763671662192792e-05
-9.6911644504871219e-05
-1.0293152445228770e-04
-1.0614439088385552e-04
-1.0563414980424568e-04
-1.0243196447845548e-04
-1.0026858217315748e-04
-1.0185160499531776e-04
-1.0792621469590813e-04
-1.1543359141796827e-04
-1.2028520723106340e-04
-1.1872922186739743e-04
-1.1095709487562999e-04
-1.0001545160776004e-04
-9.0887420810759068e-05
-8.6468964582309127e-05
-8.7083288235589862e-05
-8.8974782556761056e-05
-8.8476786913815886e-05
-8.2592436228878796e-05
-7.2264338086824864e-05
-6.0458391089923680e-05
-5.1759914640570059e-05
-4.8270077968481928e-05
-5.0569065933814272e-05
-5.6626446166774258e-05
-6.4228726841975003e-05
-7.1377842687070370e-05
-7.7443692134693265e-05
-8.1147714809048921e-05
-8.1213700468651950e-05
-7.5369549449533224e-05
-6.3280363974627107e-05
-4.6661225496791303e-05
-3.0677460017614067e-05
-2.0737019440275617e-05
-2.1348898371797986e-05
-3.2023875974118710e-05
-4.8075031372718513e-05
-6.1543119954876602e-05
-6.5960382926277816e-05
-5.8624878874979913e-05
-4.2903957364615053e-05
-2.5086159439524636e-05
-1.2105050700483844e-05
-6.6115949266531970e-06
-7.5045695666631218e-06
-1.0069059499073774e-05
-1.0704765372793190e-05
-8.1413118095952086e-06
-4.4852367864223197e-06
-1.8078897028317442e-06
-1.4253163271860103e-06
-1.4877794001222355e-06
3.1220301366374770e-07
5.5964019338716753e-06
1.2769080967700575e-05
1.8976988940266892e-05
2.1381272745202295e-05
2.0030080122523941e-05
1.7106962332036346e-05
1.6179037629626691e-05
1.8679689674172550e-05
2.4356442736461759e-05
3.0507289920933545e-05
3.5714660043595359e-05
3.9534417737741023e-05
4.3988911784254014e-05
4.9844013119582087e-05
5.7219120208173990e-05
6.3724954088684171e-05
6.8054905568715185e-05
6.9481568061746657e-05
7.0042107836343348e-05
7.1199196099769324e-05
7.4088929977733642e-05
7.7402306487783790e-05
7.9746008850634098e-05
8.0089150287676603e-05
7.9870944318827242e-05
8.1249847426079214e-05
8.6510241089854389e-05
9.4493865617550910e-05
1.0239226685371250e-04
1.0615606151986867e-04
1.0470213601365685e-04
1.0039071639766917e-04
9.8686687124427408e-05
1.0319674765923992e-04
1.1418607027735561e-04
1.2674111349042505e-04
1.3537354243453592e-04
1.3590545859187841e-04
1.2976539437659085e-04
1.2106305803172290e-04
1.1497160448925570e-04
1.1315755546092987e-04
1.1448584700701758e-04
1.1575848475331441e-04
1.1600777361309156e-04
1.1575707321753725e-04
1.1773472215281799e-04
1.2243328092154115e-04
1.2946697825100273e-04
1.3566354755312204e-04
1.3917079195380211e-04
1.3900674821343273e-04
1.3682838471140712e-04
1.3404447236098349e-04
1.3228850730229169e-04
1.3074297748971730e-04
1.2878295092377812e-04
1.2555674766190350e-04
1.2209797569084913e-04
1.1944051220780239e-04
1.1879947851411998e-04
1.1931296467082575e-04
1.2013150262646377e-04
1.1945802543777972e-04
1.1744052608264610e-04
1.1431782331783324e-04
1.1176870611961931e-04
1.1026341962860897e-04
1.1042112600989640e-04
1.1154917592648417e-04
1.1377167538739741e-04
1.1590217036427930e-04
1.1702941992552951e-04
1.1449572775745764e-04
1.0681018466129899e-04
9.3219925474841148e-05
7.6809672464150935e-05
6.2091552536003292e-05
5.4511696362169459e-05
5.5754837376298383e-05
6.4014740928541869e-05
7.2761220508255064e-05
7.6392680057324469e-05
7.1011214458849281e-05
5.8604975492926314e-05
4.3658605136442930e-05
3.2395779271610081e-05
2.7585077987168916e-05
2.9221042495919392e-05
3.3122647437267005e-05
3.5475110053084791e-05
3.3242820791201666e-05
2.7327852876624092e-05
1.9443217752268538e-05
1.2269735634617973e-05
6.4627256506355479e-06
2.4493019736837596e-06
-8.3833532471544459e-07
-3.5727846352529014e-06
-6.7004402808379382e-06
-1.0146484783035703e-05
-1.5346769941970706e-05
-2.2487316527985968e-05
-3.1889110687188804e-05
-4.1845640225801617e-05
-5.0737355195451528e-05
-5.6433091231156141e-05
-5.9353820688556880e-05
-6.0553851653821766e-05
-6.2799976149108261e-05
-6.6848777350969613e-05
-7.2695969720371068e-05
-7.7558725024573505e-05
-7.9762859968468547e-05
-7.8635268437210470e-05
-7.6530261139851063e-05
-7.6286909461487085e-05
-8.0908415839076042e-05
-9.0307068603578955e-05
-1.0270052734995261e-04
-1.1428377911215648e-04
-1.2278663052711636e-04
-1.2738995428662747e-04
-1.3029144611209631e-04
-1.3302752631716430e-04
-1.3707957987207919e-04
-1.4059316890779883e-04
-1.4157121768221259e-04
-1.3755718828178942e-04
-1.2986015644855797e-04
-1.2120792234782130e-04
-1.1677924339892343e-04
-1.1900540266651660e-04
-1.2875669926870614e-04
-1.4246458886191249e-04
-1.5566276852041483e-04
-1.6312001389451325e-04
-1.6286103345919400e-04
-1.5495374100282788e-04
-1.4337210450321436e-04
-1.3235614460427314e-04
-1.2696829799097031e-04
-1.2871831131633371e-04
-1.3744374155066907e-04
-1.4934137288946658e-04
-1.6060000052675605e-04
-1.6691902419552207e-04
-1.6750300710555166e-04
-1.6327694174833596e-04
-1.5849911142140627e-04
-1.5637339674867690e-04
-1.5953616821207106e-04
-1.6637730004731566e-04
-1.7393004964105785e-04
-1.7686258070170879e-04
-1.7316687444690615e-04
-1.6328267520293593e-04
-1.5194664592854679e-04
-1.4349764387588948e-04
-1.4163952437229455e-04
-1.4570094936061651e-04
-1.5267575508914888e-04
-1.5773522318340838e-04
-1.5868287300691009e-04
-1.5504902694374323e-04
-1.4984305016696453e-04
-1.4548054605256766e-04
-1.4417619968298823e-04
-1.4482875121757388e-04
-1.4585601456928998e-04
-1.4439361984841526e-04
-1.3983972894493490e-04
-1.3243155262898654e-04
-1.2472060916479677e-04
-1.1834551696665585e-04
-1.1528728646226227e-04
-1.1508191528264433e-04
-1.1697232548613101e-04
-1.1851846647914499e-04
-1.1784967500716448e-04
-1.1287595407338813e-04
-1.0401703184470534e-04
-9.2293412308208644e-05
-8.1026766565628350e-05
-7.2459530201740563e-05
-6.9074711063876748e-05
-6.9986905145924538e-05
-7.3420953413005918e-05
-7.5383082730695605e-05
-7.3951792728621513e-05
-6.8127585109323263e-05
-6.0218109865672886e-05
-5.2253166359150782e-05
-4.6473047405015677e-05
-4.2478935938561335e-05
-3.9389109588228166e-05
-3.5428587580099702e-05
-3.1229865271598101e-05
-2.7482283257995732e-05
-2.5697694582049735e-05
-2.4078704882413149e-05
-1.9890609110007063e-05
-9.2687914730049670e-06
7.8768116509309039e-06
2.9066171919112094e-05
4.8180649173446000e-05
6.1127982917241752e-05
6.6216016421094537e-05
6.6858483478426933e-05
6.6746157244779170e-05
6.9350295234471560e-05
7.3910356150008738e-05
7.8694545663893223e-05
8.0998383054975420e-05
8.1765370850916952e-05
8.2955470134038478e-05
8.8498331024311483e-05
9.8999844340141863e-05
1.1306213855277747e-04
1.2568362581077963e-04
1.3346767809707671e-04
1.3469094119500369e-04
1.3222063716966659e-04
1.2996557052247226e-04
1.3280690473038703e-04
1.4143074804451317e-04
1.5472427185159177e-04
1.6832786786835641e-04
1.7957738600671291e-04
1.8622491916175932e-04
1.8978887237608433e-04
1.9183542462997139e-04
1.9534978491719812e-04
2.0093844796065241e-04
2.0835496252402663e-04
2.1480936266016215e-04
2.1818708046339452e-04
2.1640567865688354e-04
2.1096668206155300e-04
2.0429381402209401e-04
2.0108396711293608e-04
2.0370798301883042e-04
2.1301720698829740e-04
2.2506201639771461e-04
2.3537545348517597e-04
2.3907917784526944e-04
2.3591841454617679e-04
2.2818474099040031e-04
2.2166018607094884e-04
2.1966286294627935e-04
2.2313492081593722e-04
2.2823303879704326e-04
2.3179991694632918e-04
2.3150931519921869e-04
2.2997286578174680e-04
2.3037564824335277e-04
2.3580851848237216e-04
2.4413110804744065e-04
2.5107653345912695e-04
2.5100511265918612e-04
2.4302605015691370e-04
2.2979991626925766e-04
2.1760098752565682e-04
2.1068137721158564e-04
2.1074082178529352e-04
2.1440355340018868e-04
2.1791517792735249e-04
2.1750663290731609e-04
2.1357918740250170e-04
2.0679908629972488e-04
2.0015146583318710e-04
1.9427041115704924e-04
1.9021725165657699e-04
1.8736260244622827e-04
1.8679194909054786e-04
1.8784299027174711e-04
1.9029289251193404e-04
1.9115443865302950e-04
1.8833730428013951e-04
1.7987002502195537e-04
1.6764842439442873e-04
1.5449470083694905e-04
1.4411666779778898e-04
1.3700593262910843e-04
1.3247158494777977e-04
1.2724823318421841e-04
1.1941794946324080e-04
1.0791225940920413e-04
9.5398172561544925e-05
8.4083294495940208e-05
7.7116979809943587e-05
7.4424453487154096e-05
7.4966497777495533e-05
7.4743024015333503e-05
7.0925372710917145e-05
6.0638139984803274e-05
4.4937722122995183e-05
2.5503177312202752e-05
6.6928882915817667e-06
-9.3951675808057189e-06
-2.0777111785719171e-05
-2.8520526029751636e-05
-3.3499462006147951e-05
-3.7612378946505487e-05
-4.0600440115667880e-05
-4.3618500058073550e-05
-4.6299057430587709e-05
-5.0340506277279928e-05
-5.6248863984365016e-05
-6.5900880144909024e-05
-7.8863755334168673e-05
-9.5452967798337340e-05
-1.1309674300719053e-04
-1.3027462409809232e-04
-1.4359691704157740e-04
-1.5251971490215510e-04
-1.5752529725432396e-04
-1.6220819088630378e-04
-1.6853703709784895e-04
-1.7820652283262461e-04
-1.8831239140126854e-04
-1.9594897457864136e-04
-1.9822407921310514e-04
-1.9757496193051338e-04
-1.9773453823290765e-04
-2.0390376448631287e-04
-2.1665463282261044e-04
-2.3381729261018336e-04
-2.4968004436232150e-04
-2.6097992667928338e-04
-2.6627682382240891e-04
-2.6831179275177419e-04
-2.6919302763417363e-04
-2.7122144820168614e-04
-2.7345967828296125e-04
-2.7546129422262311e-04
-2.7642791974358261e-04
-2.7896012761630118e-04
-2.8517024475149810e-04
-2.9766175430268049e-04
-3.1398574355989695e-04
-3.3032320789061487e-04
-3.4049234818667173e-04
-3.4225816489197314e-04
-3.3637738670222461e-04
-3.2847648253664374e-04
-3.2307385117746890e-04
-3.2333887065760791e-04
-3.2711349194869399e-04
-3.3185424399562180e-04
-3.3355283085256815e-04
-3.3199580502696335e-04
-3.2726902281865478e-04
-3.2199796987697482e-04
-3.1638407381251454e-04
-3.1106936512514949e-04
-3.0501943547278643e-04
-2.9981334228068590e-04
-2.9653109959326684e-04
-2.9778247699141502e-04
-3.0303423409350216e-04
-3.1125085661187768e-04
-3.1830708030611277e-04
-3.2208353513851762e-04
-3.2017746707424521e-04
-3.1376362312585115e-04
-3.0382245313376188e-04
-2.9343753703869879e-04
-2.8311897767707705e-04
-2.7428776957094669e-04
-2.6609888300299644e-04
-2.5918195024132729e-04
-2.5319767883047462e-04
-2.4942529853433371e-04
-2.4696340551599860e-04
-2.4526377092115581e-04
-2.4159555323421955e-04
-2.3530106409452856e-04
-2.2521204664371908e-04
-2.1333665063139051e-04
-2.0086746371816844e-04
-1.9022301421500742e-04
-1.8033778178505599e-04
-1.7036305507645011e-04
-1.5751586761325598e-04
-1.4259954332374036e-04
-1.2714383774437010e-04
-1.1549174814717844e-04
-1.0960607323795557e-04
-1.1006551358150318e-04
-1.1220113083254546e-04
-1.1157177505083382e-04
-1.0416541044833139e-04
-9.1073983639944345e-05
-7.5381889473646879e-05
-6.2401137256529182e-05
-5.3160096285864711e-05
-4.6433237002929673e-05
-3.6715257010655478e-05
-2.0894602130283602e-05
1.9734459328901721e-06
2.6992385755875148e-05
4.9132795538753271e-05
6.3032348407432437e-05
6.9587993493769318e-05
7.1464208303950727e-05
7.4679970566648990e-05
8.1727695942390710e-05
9.3652444775216281e-05
1.0737747652456164e-04
1.2087778304703534e-04
1.3237042003311217e-04
1.4347689284477383e-04
1.5502750466112047e-04
1.6894417058210820e-04
1.8358138913754374e-04
1.9805895863100886e-04
2.0986827439628541e-04
2.1944496256764978e-04
2.2683083079755306e-04
2.3412289738189429e-04
2.4127455253619701e-04
2.4920201394706964e-04
2.5637075304985046e-04
2.6325054932385683e-04
2.6910373708233237e-04
2.7583984774537385e-04
2.8326938627287745e-04
2.9204072779975832e-04
3.0065595638006926e-04
3.0909950146451592e-04
3.1623194809071720e-04
3.2402624492533505e-04
3.3296900801360607e-04
3.4490245161578059e-04
3.5811532870866358e-04
3.7104578223079443e-04
3.8015222526155412e-04
3.8510802551172674e-04
3.8634613156318665e-04
3.8786671939305961e-04
3.9212714182212949e-04
4.0157232433557510e-04
4.1384511860087514e-04
4.2620531166903675e-04
4.3430144432932138e-04
4.3767510214820504e-04
4.3730618199333549e-04
4.3740804539993405e-04
4.3996167369186878e-04
4.4627080205827951e-04
4.5297844917513430e-04
4.5717862667515874e-04
4.5521592255681753e-04
4.4828551472164690e-04
4.3892278335988522e-04
4.3273597839288414e-04
4.3195881880819798e-04
4.3690338497981429e-04
4.4249830534681678e-04
4.4479288044385612e-04
4.4007375254295766e-04
4.3050537351518869e-04
4.1985453572124243e-04
4.1367716039530933e-04
4.1284930193796754e-04
4.1597461677156389e-04
4.1753263212740421e-04
4.1387716191820800e-04
4.0274654747918248e-04
3.8668233901262283e-04
3.6856322549283504e-04
3.5263106110505760e-04
3.3985119080170989e-04
3.3076835097745061e-04
3.2333240960724652e-04
3.1726702582091093e-04
3.1115836463868618e-04
3.0565640190616250e-04
2.9930160962976515e-04
2.9189273482188582e-04
2.8156902408227324e-04
2.6947879814542830e-04
2.5580060901120305e-04
2.4284387473016977e-04
2.3024556867312640e-04
2.1832626953255385e-04
2.0491944451350719e-04
1.9028081442229450e-04
1.7405769904144108e-04
1.5872108633629978e-04
1.4452336472459137e-04
1.3224198482930660e-04
1.1901484685949981e-04
1.0369540541432798e-04
8.4609848272521049e-05
6.4157749875448644e-05
4.4380147301126271e-05
2.8757740437868051e-05
1.6783369574113749e-05
7.7900122050778009e-06
-2.1579003259830642e-06
-1.4183278835844249e-05
-2.9814260415150784e-05
-4.6669018047396094e-05
-6.3842482632026076e-05
-7.9594996350351721e-05
-9.5370189228560776e-05
-1.1153798550367355e-04
-1.3014157593715936e-04
-1.5033465751912445e-04
-1.7202933668158948e-04
-1.9274037913419306e-04
-2.1213083527982235e-04
-2.2847860236652195e-04
-2.4317341740243137e-04
-2.5684424326755106e-04
-2.7215291629545391e-04
-2.8949230909347534e-04
-3.0934211099520326e-04
-3.2858992926776409e-04
-3.4527727984823287e-04
-3.5691977245733142e-04
-3.6568194627761841e-04
-3.7394129321910441e-04
-3.8591629709117115e-04
-4.0137115865945816e-04
-4.1924670222215354e-04
-4.3521798215806484e-04
-4.4794025598093867e-04
-4.5702524948865175e-04
-4.6611516154371202e-04
-4.7700706636533141e-04
-4.9140700139105320e-04
-5.0618412205949426e-04
-5.1898154197260737e-04
-5.2558875177055597e-04
-5.2669836441054940e-04
-5.2345549920573831e-04
-5.2048877114430070e-04
-5.2033847896382213e-04
-5.2591186249628663e-04
-5.3615693468600512e-04
-5.5043178144842386e-04
-5.6540477089583874e-04
-5.7924573775380850e-04
-5.8910326333716512e-04
-5.9577333740890026e-04
-5.9932394651696086e-04
-6.0273997951298952e-04
-6.0633488465100527e-04
-6.1135733267292380e-04
-6.1558058951050043e-04
-6.1843311414122581e-04
-6.1796722002327442e-04
-6.1546161305159330e-04
-6.1122974148020148e-04
-6.0798937920480967e-04
-6.0561054851859808e-04
-6.0549244517460465e-04
-6.0596514958888292e-04
-6.0705788200721145e-04
-6.0703163035213947e-04
-6.0640193987637758e-04
-6.0345930978655815e-04
-5.9896626044064760e-04
-5.9148087166249752e-04
-5.8178161270916462e-04
-5.6890083942562342e-04
-5.5490300292149186e-04
-5.4071762133389711e-04
-5.2954303100705147e-04
-5.2124779904261231e-04
-5.1597115816548467e-04
-5.0990370800718665e-04
-5.0109066069126129e-04
-4.8708179383538663e-04
-4.6977688907645643e-04
-4.5103087904863060e-04
-4.3463378096930683e-04
-4.2031338671222329e-04
-4.0742947021499276e-04
-3.9216896402649581e-04
-3.7336419336497784e-04
-3.4961922210641205e-04
-3.2413148437626660e-04
-2.9882349190302193e-04
-2.7688549016602337e-04
-2.5669430033303797e-04
-2.3726686777081341e-04
-2.1501975425053388e-04
-1.8999460735358298e-04
-1.6241874254774302e-04
-1.3631924230139703e-04
-1.1318583710817620e-04
-9.4625036581419408e-05
-7.7659286034759134e-05
-6.0467617004178464e-05
-3.9886315789772198e-05
-1.6918262190301903e-05
8.2350925367791206e-06
3.2750784157542512e-05
5.6916844187071547e-05
7.9696183092892170e-05
1.0220386320725083e-04
1.2300323578529060e-04
1.4313183783087879e-04
1.6179450904019177e-04
1.8127646762877703e-04
2.0167794718872756e-04
2.2460009495262057e-04
2.4780843523330986e-04
2.7021972346119583e-04
2.8929373365826905e-04
3.0626909574493766e-04
3.2204933813773096e-04
3.4051534021273255e-04
3.6259592161513865e-04
3.8892956217750907e-04
4.1598171810619533e-04
4.4154800707474351e-04
4.6262898831628263e-04
4.8052181955426931e-04
4.9583101645112038e-04
5.1164103206247091e-04
5.2781595150008798e-04
5.4510828340426087e-04
5.6173687335103750e-04
5.7845312403514981e-04
5.9456325834617019e-04
6.1166461091488600e-04
6.2840577447786927e-04
6.4505846239626408e-04
6.5963750239461660e-04
6.7336269421502948e-04
6.8669475149363279e-04
7.0252985460683703e-04
7.2058866498991847e-04
7.4099178891628981e-04
7.5991940684616566e-04
7.7561289072036743e-04
7.8577856766059995e-04
7.9270533751696348e-04
7.9846248263493180e-04
8.0731592606753111e-04
8.1978406524285674e-04
8.3573325537145138e-04
8.5105531616136432e-04
8.6379516869783401e-04
8.7131909094750881e-04
8.7521394016221166e-04
8.7658496340736747e-04
8.7862659711390734e-04
8.8112137746065855e-04
8.8412838522344828e-04
8.8464334839954972e-04
8.8245637016370893e-04
8.7666691979393363e-04
8.6983456276357174e-04
8.6253840709105134e-04
8.5683912038803101e-04
8.5180776659399271e-04
8.4795831935480237e-04
8.4363535279408097e-04
8.3898921729996800e-04
8.3184050163254142e-04
8.2227663369849324e-04
8.0889766104519367e-04
7.9380953684449196e-04
7.7741889981552958e-04
7.6213729334995151e-04
7.4641453102231026e-04
7.2976847877725959e-04
7.0919806603342295e-04
6.8582169478759170e-04
6.6046224674209952e-04
6.3697231234982610e-04
6.1641150387004018e-04
5.9928110567852855e-04
5.8205577079206705e-04
5.6272087385877967e-04
5.3856254089623690e-04
5.1127537153661251e-04
4.8164228792302310e-04
4.5241665793582797e-04
4.2348823626525700e-04
3.9664306677877903e-04
3.7151944707147777e-04
3.5036110784858465e-04
3.3146736677736044e-04
3.1338154803961515e-04
2.9048204305581748e-04
2.6042826357297599e-04
2.2156770864967257e-04
1.7829654098022729e-04
1.3495364692062140e-04
9.7579635621514171e-05
6.6809610871132463e-05
4.2064799345098436e-05
1.8282396922586486e-05
-7.3727496783249080e-06
-3.7839781725779176e-05
-7.1559312345925719e-05
-1.0757814015960321e-04
-1.4286680379882455e-04
-1.7707012011669576e-04
-2.0873871108051389e-04
-2.3910829622764140e-04
-2.6752904523164034e-04
-2.9587975586764514e-04
-3.2378098694607615e-04
-3.5304439370520413e-04
-3.8214921369217336e-04
-4.1195208905264735e-04
-4.4117792276665568e-04
-4.7125291894190013e-04
-5.0161016406491399e-04
-5.3364370251074433e-04
-5.6558544747531414e-04
-5.9734738897532225e-04
-6.2660349067300558e-04
-6.5386161440983415e-04
-6.7834241781383753e-04
-7.0234650047495961e-04
-7.2607630863785744e-04
-7.5201631989330053e-04
-7.7965582022443414e-04
-8.1009266432374716e-04
-8.4108114242553711e-04
-8.7224727030843496e-04
-9.0095010818913579e-04
-9.2790351482108235e-04
-9.5286004943773150e-04
-9.7887858282774687e-04
-1.0064106900244951e-03
-1.0368165094405413e-03
-1.0673985816538334e-03
-1.0970837902277708e-03
-1.1226028436794877e-03
-1.1443990515545011e-03
-1.1618491262197495e-03
-1.1778443586081266e-03
-1.1929358588531613e-03
-1.2090959353372455e-03
-1.2248108396306634e-03
-1.2400177074596286e-03
-1.2523452751338482e-03
-1.2621777132153511e-03
-1.2684810208156705e-03
-1.2735715135931969e-03
-1.2774106580764055e-03
-1.2814801884815097e-03
-1.2837378308176994e-03
-1.2840575072914362e-03
-1.2807247694581747e-03
-1.2756104115396738e-03
-1.2693564640358090e-03
-1.2650396674871445e-03
-1.2617566389963031e-03
-1.2597405584529042e-03
-1.2554352870211005e-03
-1.2475538533180952e-03
-1.2335727224126458e-03
-1.2149200774729252e-03
-1.1926458682864904e-03
-1.1708564125001431e-03
-1.1514065554365516e-03
-1.1366426479071379e-03
-1.1239505838602781e-03
-1.1109320912510157e-03
-1.0917725740000606e-03
-1.0650088079273701e-03
-1.0301548754796386e-03
-9.9296786356717348e-04
-9.5821573631837964e-04
-9.3110738089308143e-04
-9.1046054149046540e-04
-8.9327781461179256e-04
-8.7224296294152737e-04
-8.4321864414960146e-04
-8.0362556036561728e-04
-7.5742712942883372e-04
-7.0921768201515079e-04
-6.6631386289373040e-04
-6.3058873638510704e-04
-6.0201971791684628e-04
-5.7442282559350133e-04
-5.4309458937495947e-04
-5.0325650954619050e-04
-4.5682088239118457e-04
-4.0675955824553967e-04
-3.5935972118750215e-04
-3.1606366974301636e-04
-2.7719387435354292e-04
-2.3782587959431112e-04
-1.9613695621956140e-04
-1.5065782645251602e-04
-1.0554276377661154e-04
-6.3182611484080553e-05
-2.5254148567910306e-05
1.2648132724280003e-05
5.4666845244355500e-05
1.0569869482424110e-04
1.6302384028676897e-04
2.2165918198879808e-04
2.7323191170580685e-04
3.1580415088683367e-04
3.5201010177843273e-04
3.9152090903371572e-04
4.4038853957317770e-04
5.0118291983380914e-04
5.6634785141795874e-04
6.2705314485356212e-04
6.7480030702427030e-04
7.1094080340117216e-04
7.4186432175338268e-04
7.7849789522588253e-04
8.2533137174323201e-04
8.8194018462672830e-04
9.3989068409428000e-04
9.9281035363674164e-04
1.0369111550971866e-03
1.0764412581920624e-03
1.1161980219185352e-03
1.1615693802013993e-03
1.2107903603464365e-03
1.2608363758772612e-03
1.3059200718998909e-03
1.3458018656820059e-03
1.3817647704854608e-03
1.4191432856023312e-03
1.4593749074265361e-03
1.5031689545139670e-03
1.5467675402760506e-03
1.5893141971901059e-03
1.6292261425405741e-03
1.6690182965248823e-03
1.7078995006158948e-03
1.7454741755500436e-03
1.7775567248463631e-03
1.8036232795566320e-03
1.8239127239212394e-03
1.8442911095917225e-03
1.8685262184590101e-03
1.8994632409885526e-03
1.9328726921230555e-03
1.9637318328022957e-03
1.9858824089169502e-03
1.9999551586806774e-03
2.0087852608412504e-03
2.0189951173961163e-03
2.0315924193710089e-03
2.0447755232453346e-03
2.0508095622062683e-03
2.0460628438740969e-03
2.0296967122703791e-03
2.0089657045900822e-03
1.9900563638657331e-03
1.9781722221523523e-03
1.9699386321008205e-03
1.9602011889219284e-03
1.9423105986788869e-03
1.9159461371600628e-03
1.8833732465282083e-03
1.8507643835619092e-03
1.8193852156400681e-03
1.7892218893393874e-03
1.7550594639033079e-03
1.7156216781586409e-03
1.6708248294889927e-03
1.6260683769360185e-03
1.5838555991649628e-03
1.5453433152288198e-03
1.5056488336995244e-03
1.4608270721510053e-03
1.4071097830310464e-03
1.3483273796737194e-03
1.2886998010799289e-03
1.2343119597062469e-03
1.1843143729493022e-03
1.1360197095200419e-03
1.0829862440004945e-03
1.0243451688438654e-03
9.6157990628853440e-04
9.0174761135131121e-04
8.4832205902785063e-04
8.0222310498356819e-04
7.5727695366367698e-04
7.0832291385158896e-04
6.5053085563704371e-04
5.8648391859605908e-04
5.1967374747619033e-04
4.5595841947942972e-04
3.9573971298523247e-04
3.3829861786216497e-04
2.7922668959945440e-04
2.1789515449199826e-04
1.5394823276437819e-04
9.0051406004931778e-05
2.4868333639460616e-05
-4.3207513954257593e-05
-1.1976977111771703e-04
-2.0580019918270409e-04
-3.0032859649509192e-04
-3.9611241663806140e-04
-4.8781523946672678e-04
-5.7164230383932590e-04
-6.5209780586883426e-04
-7.3490256909281015e-04
-8.2709215348586440e-04
-9.2801987193524837e-04
-1.0335898259654641e-03
-1.1346623068675399e-03
-1.2269318103790283e-03
-1.3097475748509169e-03
-1.3904370134696364e-03
-1.4755134470760822e-03
-1.5709361759945750e-03
-1.6751377843320370e-03
-1.7843086970970035e-03
-1.8912247614935040e-03
-1.9936112221330404e-03
-2.0902722608298063e-03
-2.1846604067832232e-03
-2.2771032527089119e-03
-2.3687896318733692e-03
-2.4564815685153008e-03
-2.5398214347660542e-03
-2.6178930420428514e-03
-2.6941329706460238e-03
-2.7697063051164150e-03
-2.8461934998631477e-03
-2.9198182746767998e-03
-2.9884595423936844e-03
-3.0484129674732685e-03
-3.1020939350128174e-03
-3.1519045587629080e-03
-3.2036481425166130e-03
-3.2585244625806808e-03
-3.3158296719193459e-03
-3.3694515004754066e-03
-3.4156723413616419e-03
-3.4516246523708105e-03
-3.4819063730537891e-03
-3.5111678298562765e-03
-3.5451960284262896e-03
-3.5828596446663141e-03
-3.6205283831804991e-03
-3.6499788984656334e-03
-3.6681266501545906e-03
-3.6746705882251263e-03
-3.6762235686182976e-03
-3.6768577992916107e-03
-3.6793593317270279e-03
-3.6782929673790932e-03
-3.6684977822005749e-03
-3.6443816497921944e-03
-3.6089257337152958e-03
-3.5676080733537674e-03
-3.5290033556520939e-03
-3.4946771338582039e-03
-3.4619951620697975e-03
-3.4222865942865610e-03
-3.3710985444486141e-03
-3.3078296110033989e-03
-3.2394332811236382e-03
-3.1717985402792692e-03
-3.1092998106032610e-03
-3.0480690766125917e-03
-2.9829670675098896e-03
-2.9073085170239210e-03
-2.8214368503540754e-03
-2.7272985316812992e-03
-2.6303702034056187e-03
-2.5307312607765198e-03
-2.4272503796964884e-03
-2.3148094769567251e-03
-2.1939175203442574e-03
-2.0676709245890379e-03
-1.9449704559519887e-03
-1.8302022945135832e-03
-1.7233071848750114e-03
-1.6152465250343084e-03
-1.4983374858275056e-03
-1.3683364959433675e-03
-1.2328005395829678e-03
-1.1024603154510260e-03
-9.8770286422222853e-04
-8.8646938093006611e-04
-7.8906636917963624e-04
-6.8118085619062185e-04
-5.5858411360532045e-04
-4.2704155202955008e-04
-3.0182275804691017e-04
-1.9118106865789741e-04
-9.1655703727155924e-05
1.6143774701049551e-05
1.5136571892071515e-04
3.2262038439512253e-04
5.1704834913834929e-04
7.1222963742911816e-04
8.8777276687324047e-04
1.0445450898259878e-03
1.2002994772046804e-03
1.3817639555782080e-03
1.6011644620448351e-03
1.8515738192945719e-03
2.1076011471450329e-03
2.3486763238906860e-03
2.5702326092869043e-03
2.7915006503462791e-03
3.0371043831110001e-03
3.3217312302440405e-03
3.6338453646749258e-03
3.9480570703744888e-03
4.2409533634781837e-03
4.5147081837058067e-03
4.7938968054950237e-03
5.1121762953698635e-03
5.4813656024634838e-03
5.8827712200582027e-03
6.2736137770116329e-03
6.6211838275194168e-03
6.9242296740412712e-03
7.2206445038318634e-03
7.5559434480965137e-03
7.9504363238811493e-03
8.3732968196272850e-03
8.7621295824646950e-03
9.0598631650209427e-03
9.2612309381365776e-03
9.4147622585296631e-03
9.5930509269237518e-03
9.8333628848195076e-03
1.0109330527484417e-02
1.0341272689402103e-02
1.0457686148583889e-02
1.0448015294969082e-02
1.0381435044109821e-02
1.0355802252888680e-02
1.0427319444715977e-02
1.0557902045547962e-02
1.0640499182045460e-02
1.0573931969702244e-02
1.0350376367568970e-02
1.0069085285067558e-02
9.8747676238417625e-03
9.8422840237617493e-03
9.9111311137676239e-03
9.9105928093194962e-03
9.6852118149399757e-03
9.2168413102626801e-03
8.6614908650517464e-03
8.2433428615331650e-03
8.0863498151302338e-03
8.0945342779159546e-03
8.0014877021312714e-03
7.5584864243865013e-03
6.7492672242224216e-03
5.8435900136828423e-03
5.2379495464265347e-03
5.1571084186434746e-03
5.4576219990849495e-03
5.6818374432623386e-03
5.3895777091383934e-03
4.5160027220845222e-03
3.4977551549673080e-03
2.9963506385684013e-03
3.4009714145213366e-03
4.4501232914626598e-03
5.3321179002523422e-03
5.2436287514865398e-03
4.0598246268928051e-03
2.5518087204545736e-03
1.9073238363489509e-03
2.7810891624540091e-03
4.6053947880864143e-03
5.7763615623116493e-03
4.7906949184834957e-03
1.5637268079444766e-03
-2.1312271710485220e-03
-3.7353616207838058e-03
-1.9322470761835575e-03
1.8343898700550199e-03
3.8455966860055923e-03
7.1308412589132786e-04
-7.5013735331594944e-03
-1.6236677765846252e-02
-1.8961217254400253e-02
-1.2281900271773338e-02
-1.3005707296542823e-04
6.6296709701418877e-03
-3.7997614126652479e-03
-3.5734660923480988e-02
-8.0868199467658997e-02
-1.2082117795944214e-01
-1.3715468347072601e-01
-1.2080327421426773e-01
-8.0842636525630951e-02
-3.5714663565158844e-02
-3.7923438940197229e-03
6.6292127594351768e-03
-1.2441715807653964e-04
-1.2255863286554813e-02
-1.8909741193056107e-02
-1.6167974099516869e-02
-7.4340696446597576e-03
7.6008983887732029e-04
3.8635022938251495e-03
1.8294845940545201e-03
-1.9420338794589043e-03
-3.7295066285878420e-03
-2.0965223666280508e-03
1.6289348714053631e-03
4.8779728822410107e-03
5.8736316859722137e-03
4.7016879543662071e-03
2.8685780707746744e-03
1.9814083352684975e-03
2.6102906558662653e-03
4.1037541814148426e-03
5.2795037627220154e-03
5.3722104057669640e-03
4.5085353776812553e-03
3.4850933589041233e-03
3.0992135871201754e-03
3.5974220372736454e-03
4.5838723890483379e-03
5.4056597873568535e-03
5.6467936374247074e-03
5.3938366472721100e-03
5.0965351983904839e-03
5.2038375288248062e-03
5.8363745920360088e-03
6.7482772283256054e-03
7.5353947468101978e-03
7.9391039907932281e-03
7.9947272315621376e-03
7.9682171344757080e-03
8.1290220841765404e-03
8.5646063089370728e-03
9.1352062299847603e-03
9.6075516194105148e-03
9.8248133435845375e-03
9.8148630931973457e-03
9.7422618418931961e-03
9.7832391038537025e-03
9.9942227825522423e-03
1.0292160324752331e-02
1.0522678494453430e-02
1.0583008639514446e-02
1.0482504963874817e-02
1.0330157354474068e-02
1.0241152718663216e-02
1.0260857641696930e-02
1.0334050282835960e-02
1.0360026732087135e-02
1.0261846706271172e-02
1.0043645277619362e-02
9.7722765058279037e-03
9.5287393778562546e-03
9.3426834791898727e-03
9.1828890144824982e-03
8.9806625619530678e-03
8.6900750175118446e-03
8.3147883415222168e-03
7.9085268080234528e-03
7.5285779312252998e-03
7.2020618245005608e-03
6.9058695808053017e-03
6.5959659405052662e-03
6.2375711277127266e-03
5.8377836830914021e-03
5.4334485903382301e-03
5.0704325549304485e-03
4.7652102075517178e-03
4.5018829405307770e-03
4.2402939870953560e-03
3.9524785242974758e-03
3.6353971809148788e-03
3.3166806679219007e-03
3.0257489997893572e-03
2.7784635312855244e-03
2.5608458090573549e-03
2.3481985554099083e-03
2.1183770149946213e-03
1.8742778338491917e-03
1.6337212873622775e-03
1.4207439962774515e-03
1.2402617139741778e-03
1.0812925174832344e-03
9.1932422947138548e-04
7.4147724080830812e-04
5.4931396152824163e-04
3.6362497485242784e-04
2.0242457685526460e-04
7.4551644502207637e-05
-3.2996576919686049e-05
-1.3856240548193455e-04
-2.5914463913068175e-04
-3.9264938095584512e-04
-5.2697717910632491e-04
-6.4403517171740532e-04
-7.3996570426970720e-04
-8.2256871974095702e-04
-9.1219734167680144e-04
-1.0215766960754991e-03
-1.1537417303770781e-03
-1.2948479270562530e-03
-1.4311436098068953e-03
-1.5524821355938911e-03
-1.6646839212626219e-03
-1.7771463608369231e-03
-1.9009875832125545e-03
-2.0339395850896835e-03
-2.1685026586055756e-03
-2.2911250125616789e-03
-2.3988215252757072e-03
-2.4936436675488949e-03
-2.5865768548101187e-03
-2.6822770014405251e-03
-2.7811538893729448e-03
-2.8736668173223734e-03
-2.9541342519223690e-03
-3.0199103057384491e-03
-3.0805040150880814e-03
-3.1440660823136568e-03
-3.2184110023081303e-03
-3.2974728383123875e-03
-3.3718678168952465e-03
-3.4286794252693653e-03
-3.4667714498937130e-03
-3.4906119108200073e-03
-3.5138134844601154e-03
-3.5429550334811211e-03
-3.5803024657070637e-03
-3.6164422053843737e-03
-3.6432230845093727e-03
-3.6536694969981909e-03
-3.6520562134683132e-03
-3.6440608091652393e-03
-3.6384612321853638e-03
-3.6347045097500086e-03
-3.6299931816756725e-03
-3.6162990145385265e-03
-3.5923831164836884e-03
-3.5593733191490173e-03
-3.5260189324617386e-03
-3.4960831981152296e-03
-3.4719430841505527e-03
-3.4460769966244698e-03
-3.4127710387110710e-03
-3.3654144499450922e-03
-3.3078566193580627e-03
-3.2459557987749577e-03
-3.1899395398795605e-03
-3.1416050624102354e-03
-3.0989954248070717e-03
-3.0516260303556919e-03
-2.9929466545581818e-03
-2.9190054628998041e-03
-2.8364651370793581e-03
-2.7519552968442440e-03
-2.6741055771708488e-03
-2.6024193502962589e-03
-2.5340837892144918e-03
-2.4606091901659966e-03
-2.3793783038854599e-03
-2.2888358216732740e-03
-2.1948511712253094e-03
-2.1001030690968037e-03
-2.0078546367585659e-03
-1.9140166696161032e-03
-1.8169746035709977e-03
-1.7132131615653634e-03
-1.6069975681602955e-03
-1.5023098094388843e-03
-1.4063047710806131e-03
-1.3191233156248927e-03
-1.2390832416713238e-03
-1.1577489785850048e-03
-1.0710194474086165e-03
-9.7480241674929857e-04
-8.7364460341632366e-04
-7.7031948603689671e-04
-6.7122670589014888e-04
-5.7646486675366759e-04
-4.8741936916485429e-04
-4.0075799915939569e-04
-3.1765751191414893e-04
-2.3603539739269763e-04
-1.5768759476486593e-04
-8.0289872130379081e-05
-4.7798612285987474e-06
7.0738329668529332e-05
1.4317245222628117e-04
2.1243921946734190e-04
2.7570634847506881e-04
3.3620011527091265e-04
3.9537134580314159e-04
4.5836617937311530e-04
5.2433146629482508e-04
5.9254968073219061e-04
6.5657519735395908e-04
7.1456911973655224e-04
7.6447351602837443e-04
8.1151252379640937e-04
8.5854274220764637e-04
9.1029255418106914e-04
9.6405809745192528e-04
1.0184478014707565e-03
1.0687445756047964e-03
1.1164806783199310e-03
1.1617757845669985e-03
1.2090513482689857e-03
1.2578938622027636e-03
1.3094365131109953e-03
1.3599391095340252e-03
1.4093705685809255e-03
1.4552344800904393e-03
1.5002537984400988e-03
1.5434648375958204e-03
1.5867361798882484e-03
1.6279023839160800e-03
1.6686011804267764e-03
1.7075382638722658e-03
1.7473432235419750e-03
1.7863272223621607e-03
1.8252887530252337e-03
1.8600714392960072e-03
1.8909322097897530e-03
1.9163839751854539e-03
1.9409023225307465e-03
1.9656454678624868e-03
1.9935523159801960e-03
2.0199725404381752e-03
2.0414516329765320e-03
2.0509823225438595e-03
2.0490980241447687e-03
2.0373982843011618e-03
2.0242750179022551e-03
2.0139149855822325e-03
2.0102919079363346e-03
2.0085170399397612e-03
2.0043537952005863e-03
1.9903182983398438e-03
1.9664354622364044e-03
1.9335385877639055e-03
1.8991502001881599e-03
1.8668088596314192e-03
1.8410037737339735e-03
1.8187242094427347e-03
1.7975480295717716e-03
1.7711177933961153e-03
1.7385832034051418e-03
1.6985276015475392e-03
1.6555938636884093e-03
1.6118604689836502e-03
1.5716300113126636e-03
1.5339109813794494e-03
1.4993399381637573e-03
1.4636933337897062e-03
1.4266156358644366e-03
1.3852195115759969e-03
1.3416057918220758e-03
1.2952347751706839e-03
1.2493492104113102e-03
1.2030305806547403e-03
1.1582539882510900e-03
1.1125835590064526e-03
1.0671599302440882e-03
1.0197067167609930e-03
9.7178737632930279e-04
9.2149776173755527e-04
8.7088684085756540e-04
8.1884069368243217e-04
7.6868600444868207e-04
7.2096940129995346e-04
6.7894067615270615e-04
6.4066913910210133e-04
6.0552434297278523e-04
5.6809117086231709e-04
5.2684481488540769e-04
4.7890021232888103e-04
4.2763428064063191e-04
3.7463719490915537e-04
3.2475078478455544e-04
2.7738348580896854e-04
2.3278451408259571e-04
1.8608573009259999e-04
1.3684462464880198e-04
8.3814826211892068e-05
3.1816067348700017e-05
-1.6605263226665556e-05
-5.7102421124000102e-05
-9.2648959252983332e-05
-1.2586111552082002e-04
-1.6359450819436461e-04
-2.0712328841909766e-04
-2.5733083020895720e-04
-3.0875002266839147e-04
-3.5863296943716705e-04
-4.0272725163958967e-04
-4.4337450526654720e-04
-4.8177398275583982e-04
-5.2266888087615371e-04
-5.6565011618658900e-04
-6.1089207883924246e-04
-6.5302837174385786e-04
-6.8987742997705936e-04
-7.1758427657186985e-04
-7.3898636037483811e-04
-7.5655314140021801e-04
-7.7808101195842028e-04
-8.0677698133513331e-04
-8.4546930156648159e-04
-8.8921445421874523e-04
-9.3380978796631098e-04
-9.7151647787541151e-04
-1.0011664126068354e-03
-1.0220407275483012e-03
-1.0393531993031502e-03
-1.0552647290751338e-03
-1.0740814032033086e-03
-1.0942413937300444e-03
-1.1157578555867076e-03
-1.1350893182680011e-03
-1.1528696632012725e-03
-1.1680076131597161e-03
-1.1832292657345533e-03
-1.1974436929449439e-03
-1.2119824532419443e-03
-1.2240861542522907e-03
-1.2344270944595337e-03
-1.2415216770023108e-03
-1.2482510646805167e-03
-1.2541281757876277e-03
-1.2613150756806135e-03
-1.2673618039116263e-03
-1.2727149296551943e-03
-1.2750785099342465e-03
-1.2764984276145697e-03
-1.2764376588165760e-03
-1.2772391783073545e-03
-1.2765431310981512e-03
-1.2741221580654383e-03
-1.2659595813602209e-03
-1.2527332874014974e-03
-1.2337707448750734e-03
-1.2136463774368167e-03
-1.1937146773561835e-03
-1.1770259588956833e-03
-1.1605966137722135e-03
-1.1430928716436028e-03
-1.1200309963896871e-03
-1.0921896900981665e-03
-1.0601868852972984e-03
-1.0292882798239589e-03
-1.0010047117248178e-03
-9.7763398662209511e-04
-9.5554476138204336e-04
-9.3280686996877193e-04
-9.0497120982035995e-04
-8.7356002768501639e-04
-8.3942525088787079e-04
-8.0776074901223183e-04
-7.7955884626135230e-04
-7.5644301250576973e-04
-7.3440314736217260e-04
-7.1189180016517639e-04
-6.8519101478159428e-04
-6.5548712154850364e-04
-6.2251591589301825e-04
-5.8974383864551783e-04
-5.5701559176668525e-04
-5.2645278628915548e-04
-4.9629074055701494e-04
-4.6871911035850644e-04
-4.4257740955799818e-04
-4.2005695286206901e-04
-3.9917387766763568e-04
-3.7982893991284072e-04
-3.5776232834905386e-04
-3.3237290335819125e-04
-3.0141620663926005e-04
-2.6757811428979039e-04
-2.3157786927185953e-04
-1.9683982827700675e-04
-1.6233640781138092e-04
-1.2914453691337258e-04
-9.5119277830235660e-05
-6.2381222960539162e-05
-3.0456752938334830e-05
-2.1500184175238246e-06
2.4457889594486915e-05
4.9912378017324954e-05
7.8624652815051377e-05
1.1026163701899350e-04
1.4525174628943205e-04
1.7924689745996147e-04
2.1160181495361030e-04
2.4037560797296464e-04
2.6879669167101383e-04
2.9787136008962989e-04
3.3061389694921672e-04
3.6480778362601995e-04
4.0003913454711437e-04
4.3256106437183917e-04
4.6320020919665694e-04
4.9102166667580605e-04
5.1895465003326535e-04
5.4639088921248913e-04
5.7485455181449652e-04
6.0139200650155544e-04
6.2590802554041147e-04
6.4579874742776155e-04
6.6360365599393845e-04
6.7956105340272188e-04
6.9703237386420369e-04
7.1486213710159063e-04
7.3298043571412563e-04
7.4740691343322396e-04
7.5806543463841081e-04
7.6400768011808395e-04
7.6936528785154223e-04
7.7596807386726141e-04
7.8771176049485803e-04
8.0251524923369288e-04
8.1914523616433144e-04
8.3263462875038385e-04
8.4252445958554745e-04
8.4741297177970409e-04
8.5117027629166842e-04
8.5502304136753082e-04
8.6219608783721924e-04
8.7024958338588476e-04
8.7828468531370163e-04
8.8189798407256603e-04
8.8083912851288915e-04
8.7422097567468882e-04
8.6617399938404560e-04
8.5796415805816650e-04
8.5291941650211811e-04
8.4931339370086789e-04
8.4743311163038015e-04
8.4422866348177195e-04
8.4014923777431250e-04
8.3286740118637681e-04
8.2333863247185946e-04
8.0927542876452208e-04
7.9255003947764635e-04
7.7328551560640335e-04
7.5566326268017292e-04
7.4121437501162291e-04
7.3260709177702665e-04
7.2719156742095947e-04
7.2292663389816880e-04
7.1390892844647169e-04
6.9892243482172489e-04
6.7665055394172668e-04
6.5178389195352793e-04
6.2677206005901098e-04
6.0592725640162826e-04
5.8803654974326491e-04
5.7244504569098353e-04
5.5534753482788801e-04
5.3759012371301651e-04
5.1935610827058554e-04
5.0429732073098421e-04
4.9162161303684115e-04
4.8075511585921049e-04
4.6642977395094931e-04
4.4728213106282055e-04
4.2231386760249734e-04
3.9616972208023071e-04
3.7101653288118541e-04
3.4996977774426341e-04
3.2986610312946141e-04
3.0901000718586147e-04
2.8349435888230801e-04
2.5536402245052159e-04
2.2675564105156809e-04
2.0335579756647348e-04
1.8551960238255560e-04
1.7279235180467367e-04
1.5873889788053930e-04
1.4013846521265805e-04
1.1377445480320603e-04
8.3584927779156715e-05
5.3157389629632235e-05
2.8713380743283778e-05
1.0522080629016273e-05
-2.0831471374549437e-06
-1.4805684259044938e-05
-2.9940423701191321e-05
-5.0252601795364171e-05
-7.2821152571123093e-05
-9.7024938440881670e-05
-1.1957132664974779e-04
-1.4211054076440632e-04
-1.6416207654401660e-04
-1.8796289805322886e-04
-2.1156246657483280e-04
-2.3490005696658045e-04
-2.5519265909679234e-04
-2.7365959249436855e-04
-2.8976536123082042e-04
-3.0678606708534062e-04
-3.2445412944070995e-04
-3.4432896063663065e-04
-3.6414104397408664e-04
-3.8382940692827106e-04
-4.0114621515385807e-04
-4.1701487498357892e-04
-4.2998889693990350e-04
-4.4181427801959217e-04
-4.5232451520860195e-04
-4.6470033703371882e-04
-4.7872209688648582e-04
-4.9562758067622781e-04
-5.1142560550943017e-04
-5.2419240819290280e-04
-5.3016748279333115e-04
-5.3156551439315081e-04
-5.3093454334884882e-04
-5.3468020632863045e-04
-5.4462376283481717e-04
-5.6109449360519648e-04
-5.7787669356912374e-04
-5.9062329819425941e-04
-5.9479556512087584e-04
-5.9294368838891387e-04
-5.8827665634453297e-04
-5.8708316646516323e-04
-5.8984325733035803e-04
-5.9618899831548333e-04
-6.0059753013774753e-04
-6.0128117911517620e-04
-5.9702602447941899e-04
-5.9246015734970570e-04
-5.8969663223251700e-04
-5.9163797413930297e-04
-5.9518951456993818e-04
-5.9829512611031532e-04
-5.9659901307895780e-04
-5.9089163551107049e-04
-5.8122858172282577e-04
-5.7094782823696733e-04
-5.6046724785119295e-04
-5.5142526980489492e-04
-5.4213288240134716e-04
-5.3388217929750681e-04
-5.2614510059356689e-04
-5.2164937369525433e-04
-5.1948212785646319e-04
-5.2031280938535929e-04
-5.2038772264495492e-04
-5.1832536701112986e-04
-5.1121797878295183e-04
-5.0073524471372366e-04
-4.8715036245994270e-04
-4.7384164645336568e-04
-4.6091730473563075e-04
-4.5000092359259725e-04
-4.3925928184762597e-04
-4.2953135562129319e-04
-4.1869864799082279e-04
-4.0718517266213894e-04
-3.9214856224134564e-04
-3.7391774822026491e-04
-3.5162380663678050e-04
-3.2938588992692530e-04
-3.1023999326862395e-04
-2.9898204957135022e-04
-2.9418064514175057e-04
-2.9285674099810421e-04
-2.8686108998954296e-04
-2.7273991145193577e-04
-2.5002832990139723e-04
-2.2599149087909609e-04
-2.0643345487769693e-04
-1.9629797316156328e-04
-1.9172317115589976e-04
-1.8720465595833957e-04
-1.7497400403954089e-04
-1.5420516137965024e-04
-1.2688388233073056e-04
-1.0031655256170779e-04
-7.7905293437652290e-05
-6.2080835050437599e-05
-4.8749836423667148e-05
-3.5141885746270418e-05
-1.7370450223097578e-05
2.9545303732447792e-06
2.5373945391038433e-05
4.6807337639620528e-05
6.7818720708601177e-05
8.6557178292423487e-05
1.0371669486630708e-04
1.1685136996675283e-04
1.2665361282415688e-04
1.3341841986402869e-04
1.4198342978488654e-04
1.5491829253733158e-04
1.7469389422331005e-04
1.9750586943700910e-04
2.1850460325367749e-04
2.3132095520850271e-04
2.3656521807424724e-04
2.3768714163452387e-04
2.4350042804144323e-04
2.5739325792528689e-04
2.7975239208899438e-04
3.0231699929572642e-04
3.1833237153477967e-04
3.2257265411317348e-04
3.1929861870594323e-04
3.1531866989098489e-04
3.1995202880352736e-04
3.3471855567768216e-04
3.5671022487804294e-04
3.7652350147254765e-04
3.8909749127924442e-04
3.9228881360031664e-04
3.9233171264640987e-04
3.9518540143035352e-04
4.0672364411875606e-04
4.2455387301743031e-04
4.4345061178319156e-04
4.5417956425808370e-04
4.5307257096283138e-04
4.3989505502395332e-04
4.2245531221851707e-04
4.0824874304234982e-04
4.0476993308402598e-04
4.1183701250702143e-04
4.2602064786478877e-04
4.3920858297497034e-04
4.4717322452925146e-04
4.4757410068996251e-04
4.4451651046983898e-04
4.4165505096316338e-04
4.4359499588608742e-04
4.4908354175277054e-04
4.5585641055367887e-04
4.5764434617012739e-04
4.5207899529486895e-04
4.3771247146651149e-04
4.1953384061343968e-04
4.0171074215322733e-04
3.8992066401988268e-04
3.8396535092033446e-04
3.8294788100756705e-04
3.8175092777237296e-04
3.7903094198554754e-04
3.7346576573327184e-04
3.6803015973418951e-04
3.6321519291959703e-04
3.6054759402759373e-04
3.5742812906391919e-04
3.5282736644148827e-04
3.4463306656107306e-04
3.3499032724648714e-04
3.2497406937181950e-04
3.1777916592545807e-04
3.1261076219379902e-04
3.0896492535248399e-04
3.0279054772108793e-04
2.9339405591599643e-04
2.7969450457021594e-04
2.6505344430916011e-04
2.5114347226917744e-04
2.4088297504931688e-04
2.3295516439247876e-04
2.2686562442686409e-04
2.1938121062703431e-04
2.1012595971114933e-04
1.9779901776928455e-04
1.8404830188956112e-04
1.6826557111926377e-04
1.5194425941444933e-04
1.3391896209213883e-04
1.1661650933092460e-04
1.0086761903949082e-04
9.0207679022569209e-05
8.4227227489463985e-05
8.2816142821684480e-05
8.1521255197003484e-05
7.7812335803173482e-05
6.8218869273550808e-05
5.3809144446859136e-05
3.5408815165283158e-05
1.6542553566978313e-05
-2.0842601315962384e-06
-1.8328151782043278e-05
-3.3031534258043393e-05
-4.4973399781156331e-05
-5.5599462939426303e-05
-6.4338302763644606e-05
-7.3458795668557286e-05
-8.3730374171864241e-05
-9.7246273071505129e-05
-1.1263669875916094e-04
-1.2927103671245277e-04
-1.4345340605359524e-04
-1.5485098992940038e-04
-1.6270286869257689e-04
-1.7004921392071992e-04
-1.7779442714527249e-04
-1.8801663827616721e-04
-1.9793420506175607e-04
-2.0615449466276914e-04
-2.0975107327103615e-04
-2.1000378183089197e-04
-2.0857396884821355e-04
-2.1052264492027462e-04
-2.1734464098699391e-04
-2.3025878181215376e-04
-2.4525017943233252e-04
-2.5962261133827269e-04
-2.6891988818533719e-04
-2.7360190870240331e-04
-2.7463777223601937e-04
-2.7685138047672808e-04
-2.8269621543586254e-04
-2.9457666096277535e-04
-3.0962820164859295e-04
-3.2456134795211256e-04
-3.3337791683152318e-04
-3.3440240076743066e-04
-3.2779277535155416e-04
-3.1930173281580210e-04
-3.1357846455648541e-04
-3.1521441997028887e-04
-3.2216683030128479e-04
-3.2998880487866700e-04
-3.3158424776047468e-04
-3.2547613955102861e-04
-3.1327968463301659e-04
-3.0301345395855606e-04
-2.9995155637152493e-04
-3.0667579267174006e-04
-3.1800783472135663e-04
-3.2763823401182890e-04
-3.2944983104243875e-04
-3.2413942972198129e-04
-3.1509014661423862e-04
-3.0919356504455209e-04
-3.0872094794176519e-04
-3.1342313741333783e-04
-3.1743964063934982e-04
-3.1679432140663266e-04
-3.0865683220326900e-04
-2.9656398692168295e-04
-2.8507481329143047e-04
-2.7980143204331398e-04
-2.8092580032534897e-04
-2.8624053811654449e-04
-2.8961151838302612e-04
-2.8780192951671779e-04
-2.7936202241107821e-04
-2.6822555810213089e-04
-2.5748700136318803e-04
-2.5086346431635320e-04
-2.4689824203960598e-04
-2.4407054297626019e-04
-2.3881821834947914e-04
-2.3119192337617278e-04
-2.2138381609693170e-04
-2.1255703177303076e-04
-2.0465740817598999e-04
-1.9807480566669255e-04
-1.8997630104422569e-04
-1.8009467748925090e-04
-1.6820628661662340e-04
-1.5758078370708972e-04
-1.4932414342183620e-04
-1.4459837984759361e-04
-1.4008599100634456e-04
-1.3364027836360037e-04
-1.2212029832880944e-04
-1.0759352153399959e-04
-9.2230977315921336e-05
-8.0354278907179832e-05
-7.1938011387828737e-05
-6.6372973378747702e-05
-5.9913116274401546e-05
-5.2350238547660410e-05
-4.3526153604034334e-05
-3.6702353099826723e-05
-3.1909854442346841e-05
-2.8681110052275471e-05
-2.2622791220783256e-05
-1.2088417861377820e-05
3.5010784813493956e-06
1.9738392438739538e-05
3.2838172046467662e-05
3.9510006899945438e-05
4.2272207792848349e-05
4.5359112846199423e-05
5.5002048611640930e-05
7.2516340878792107e-05
9.6119620138779283e-05
1.1869423178723082e-04
1.3432968989945948e-04
1.3845617650076747e-04
1.3385273632593453e-04
1.2554528075270355e-04
1.2138068996137008e-04
1.2417417019605637e-04
1.3392520486377180e-04
1.4529409236274660e-04
1.5490368241444230e-04
1.6054349543992430e-04
1.6470265109091997e-04
1.6953391605056822e-04
1.7735733126755804e-04
1.8579880998004228e-04
1.9282540597487241e-04
1.9490084378048778e-04
1.9291952776256949e-04
1.8882146105170250e-04
1.8748032744042575e-04
1.9068198162131011e-04
1.9900944607798010e-04
2.0903366385027766e-04
2.1804907009936869e-04
2.2298992553260177e-04
2.2470533440355211e-04
2.2411055397242308e-04
2.2416675346903503e-04
2.2510252892971039e-04
2.2733522928319871e-04
2.2865143546368927e-04
2.2873801935929805e-04
2.2671867918688804e-04
2.2469263058155775e-04
2.2367732890415937e-04
2.2588427236769348e-04
2.3064862762112170e-04
2.3721560137346387e-04
2.4248809495475143e-04
2.4530044174753129e-04
2.4392185150645673e-04
2.3997374228201807e-04
2.3479544324800372e-04
2.3193148081190884e-04
2.3177986440714449e-04
2.3423250240739435e-04
2.3599268752150238e-04
2.3544454597868025e-04
2.3105146829038858e-04
2.2531495778821409e-04
2.2048407117836177e-04
2.1968153305351734e-04
2.2227641602512449e-04
2.2639660164713860e-04
2.2756963153369725e-04
2.2441720648203045e-04
2.1659869526047260e-04
2.0751320698764175e-04
1.9902415806427598e-04
1.9264874572400004e-04
1.8588142120279372e-04
1.7704963102005422e-04
1.6407453222200274e-04
1.4884413394611329e-04
1.3369787484407425e-04
1.2322918337304145e-04
1.1876957432832569e-04
1.2099259765818715e-04
1.2626984971575439e-04
1.3147077697794884e-04
1.3201852561905980e-04
1.2693571625277400e-04
1.1586208711378276e-04
1.0243659198749810e-04
8.9883615146391094e-05
8.2217709859833121e-05
7.9788827861193568e-05
8.1572943599894643e-05
8.2789971202146262e-05
8.0381309089716524e-05
7.1861206379253417e-05
5.9443540521897376e-05
4.6467815991491079e-05
3.7801353755639866e-05
3.4748511097859591e-05
3.6987898056395352e-05
3.9989365177461877e-05
4.0179820643970743e-05
3.3726242691045627e-05
2.0926847355440259e-05
3.0464627798210131e-06
-1.6111713193822652e-05
-3.4266289731021971e-05
-4.7880435886327177e-05
-5.5940883612493053e-05
-5.7019708037842065e-05
-5.3304065659176558e-05
-4.7993988118832931e-05
-4.6759199904045090e-05
-5.2420706197153777e-05
-6.5226166043430567e-05
-7.9242265201173723e-05
-8.8570464868098497e-05
-8.8606429926585406e-05
-8.1529629824217409e-05
-7.2973372880369425e-05
-7.1348826168105006e-05
-7.9309778811875731e-05
-9.4982984592206776e-05
-1.1000163794960827e-04
-1.1765424278564751e-04
-1.1468345473986119e-04
-1.0576812928775325e-04
-9.7979645943269134e-05
-9.9060271168127656e-05
-1.1010139132849872e-04
-1.2757003423757851e-04
-1.4347210526466370e-04
-1.5255658945534378e-04
-1.5232432633638382e-04
-1.4634299441240728e-04
-1.3893029245082289e-04
-1.3485846284311265e-04
-1.3456591113936156e-04
-1.3751150981988758e-04
-1.4054631174076349e-04
-1.4313837164081633e-04
-1.4568321057595313e-04
-1.5125211211852729e-04
-1.6054227307904512e-04
-1.7347364337183535e-04
-1.8578677554614842e-04
-1.9430406973697245e-04
-1.9631467876024544e-04
-1.9309234630782157e-04
-1.8719457148108631e-04
-1.8292528693564236e-04
-1.8194870790466666e-04
-1.8483647727407515e-04
-1.8855083908420056e-04
-1.9074206647928804e-04
-1.8819964316207916e-04
-1.8129416275769472e-04
-1.7167674377560616e-04
-1.6394902195315808e-04
-1.6116905317176133e-04
-1.6529219283256680e-04
-1.7340134945698082e-04
-1.8171174451708794e-04
-1.8526190251577646e-04
-1.8262767116539180e-04
-1.7477676738053560e-04
-1.6649521421641111e-04
-1.6151329327840358e-04
-1.6217969823628664e-04
-1.6658096865285188e-04
-1.7149979248642921e-04
-1.7296388978138566e-04
-1.7044879496097565e-04
-1.6454310389235616e-04
-1.5816034283488989e-04
-1.5191431157290936e-04
-1.4642537280451506e-04
-1.4026545977685601e-04
-1.3381071039475501e-04
-1.2754226918332279e-04
-1.2334417260717601e-04
-1.2071933451807126e-04
-1.1819738574558869e-04
-1.1206029739696532e-04
-1.0081786604132503e-04
-8.4471481386572123e-05
-6.7411856434773654e-05
-5.3689898777520284e-05
-4.7608089516870677e-05
-4.9134610890178010e-05
-5.6271121138706803e-05
-6.4265273977071047e-05
-6.9635920226573944e-05
-6.9555520894937217e-05
-6.4477571868337691e-05
-5.5430846259696409e-05
-4.5179182052379474e-05
-3.5053431929554790e-05
-2.7153435439686291e-05
-2.1419496988528408e-05
-1.8235165043734014e-05
-1.5784238712512888e-05
-1.2572409104905091e-05
-6.0535835473274346e-06
3.6884639484924264e-06
1.5435201930813491e-05
2.4892635337891988e-05
2.9460126825142652e-05
2.7792208129540086e-05
2.2984624592936598e-05
1.9231792975915596e-05
2.1758836737717502e-05
3.1780913559487090e-05
4.7706562327221036e-05
6.3705228967592120e-05
7.4751573265530169e-05
7.7401768066920340e-05
7.3435832746326923e-05
6.6855427576228976e-05
6.3426603446714580e-05
6.5466003434266895e-05
7.2998096584342420e-05
8.2293168816249818e-05
9.0167224698234349e-05
9.3539892986882478e-05
9.3003807705827057e-05
8.9760549599304795e-05
8.7541564425919205e-05
8.8212836999446154e-05
9.3240894784685224e-05
1.0056274913949892e-04
1.0803227633005008e-04
1.1224088666494936e-04
1.1271958646830171e-04
1.0999756341334432e-04
1.0769836080726236e-04
1.0846301302080974e-04
1.1466506111901253e-04
1.2438451813068241e-04
1.3401347678154707e-04
1.3822893379256129e-04
1.3459072215482593e-04
1.2370874173939228e-04
1.1097108654212207e-04
1.0152277536690235e-04
9.9839242466259748e-05
1.0527649283176288e-04
1.1478862870717421e-04
1.2346019502729177e-04
1.2893888924736530e-04
1.3099962961860001e-04
1.3179093366488814e-04
1.3189298624638468e-04
1.3164176198188215e-04
1.2960375170223415e-04
1.2587671517394483e-04
1.2133379641454667e-04
1.1896005889866501e-04
1.2056266859872267e-04
1.2718065408989787e-04
1.3645662693306804e-04
1.4526600716635585e-04
1.4978522085584700e-04
1.4906965952832252e-04
1.4388437557499856e-04
1.3755449617747217e-04
1.3185544230509549e-04
1.2729683658108115e-04
1.2152931594755501e-04
1.1307703243801370e-04
1.0111717710969970e-04
8.8011584011837840e-05
7.5873918831348419e-05
6.7350512836128473e-05
6.2396415160037577e-05
6.0826627304777503e-05
6.1227678088471293e-05
6.3645173213444650e-05
6.7945642513222992e-05
7.4852869147434831e-05
8.3024446212220937e-05
9.0873618319164962e-05
9.5300158136524260e-05
9.4675109721720219e-05
8.7611078924965113e-05
7.5395357271190733e-05
6.0264312196522951e-05
4.6448509237961844e-05
3.7556554161710665e-05
3.6219520552549511e-05
4.1491992305964231e-05
5.0582035328261554e-05
5.8705285482574254e-05
6.2519051425624639e-05
5.9932113799732178e-05
5.2094059356022626e-05
4.0521852497477084e-05
2.8008458684780635e-05
1.6018359019653872e-05
6.0618403949774802e-06
-1.7351303540635854e-06
-6.4526802816544659e-06
-8.6085983639350161e-06
-7.9164765338646248e-06
-6.0473280427686404e-06
-4.1682274058985058e-06
-4.2947112888214178e-06
-6.4142873270611744e-06
-1.0441156518936623e-05
-1.4514414942823350e-05
-1.8192118659499101e-05
-2.1220597773208283e-05
-2.5267789169447497e-05
-3.1575036700814962e-05
-4.0865139453671873e-05
-5.1260278269182891e-05
-6.0186655900906771e-05
-6.4226856920868158e-05
-6.3193409005180001e-05
-5.8686207921709865e-05
-5.5111111578298733e-05
-5.5614193115616217e-05
-6.1930004449095577e-05
-7.1781068982090801e-05
-8.1632955698296428e-05
-8.7003587395884097e-05
-8.6210544395726174e-05
-7.9970370279625058e-05
-7.2838411142583936e-05
-6.9285299105104059e-05
-7.2442489909008145e-05
-8.0393314419779927e-05
-8.8805150880943984e-05
-9.2054280685260892e-05
-8.8445107394363731e-05
-8.0260477261617780e-05
-7.4005525675602257e-05
-7.4918665632139891e-05
-8.4493360191117972e-05
-9.7769778221845627e-05
-1.0733851377153769e-04
-1.0724015737650916e-04
-9.7816875495482236e-05
-8.4735715063288808e-05
-7.6556738349609077e-05
-7.7781616710126400e-05
-8.6748463218100369e-05
-9.5411531219724566e-05
-9.6262192528229207e-05
-8.6471976828761399e-05
-7.1050068072509021e-05
-5.8927485952153802e-05
-5.7865538110490888e-05
-6.8797606218140572e-05
-8.6254047346301377e-05
-1.0091243893839419e-04
-1.0626742005115375e-04
-1.0064848174806684e-04
-8.8885164586827159e-05
-7.7721495472360402e-05
-7.3014103691093624e-05
-7.5802083301823586e-05
-8.3300845290068537e-05
-9.0138739324174821e-05
-9.2380774731282145e-05
-8.9034409029409289e-05
-8.3012622781097889e-05
-7.8163342550396919e-05
-7.7252407209016383e-05
-7.8889686847105622e-05
-7.9895246017258614e-05
-7.6501368312165141e-05
-6.8592773459386081e-05
-5.9028086980106309e-05
-5.2799085096921772e-05
-5.2536506700562313e-05
-5.7398043281864375e-05
-6.2976701883599162e-05
-6.5048632677644491e-05
-6.1475504480767995e-05
-5.4345917305909097e-05
-4.6705448767170310e-05
-4.2081068386323750e-05
-4.0819199057295918e-05
-4.1921171941794455e-05
-4.2543982999632135e-05
-4.1770708776311949e-05
-3.9230122638400644e-05
-3.6460125556914136e-05
-3.4723449061857536e-05
-3.5712924727704376e-05
-3.9101625588955358e-05
-4.3544252548599616e-05
-4.5781598601024598e-05
-4.3608954001683742e-05
-3.6186291254125535e-05
-2.6075831556227058e-05
-1.6874822904355824e-05
-1.1861586244776845e-05
-1.1386395271983929e-05
-1.3361648598220199e-05
-1.3977168237033766e-05
-1.1051140063500497e-05
-4.5583669816551264e-06
2.8652648325078189e-06
9.0318226284580305e-06
1.3056682291789912e-05
1.6263729776255786e-05
1.9845678252750076e-05
2.4119070076267235e-05
2.7325158953317441e-05
2.7427890017861500e-05
2.3273671104107052e-05
1.6825157217681408e-05
1.1420685041230172e-05
1.0840030881809071e-05
1.6529118511243723e-05
2.7121130187879317e-05
3.8587528251809999e-05
4.7404835640918463e-05
5.1306931709405035e-05
5.1037019147770479e-05
4.8529585910728201e-05
4.6494427806464955e-05
4.5859898818889633e-05
4.6817531256237999e-05
4.7680419811513275e-05
4.7377274313475937e-05
4.5747292460873723e-05
4.4280746806180105e-05
4.4920889195054770e-05
4.9497088184580207e-05
5.7894591009244323e-05
6.8045206717215478e-05
7.6113086834084243e-05
7.9190111136995256e-05
7.6280484790913761e-05
6.9283501943573356e-05
6.1570928664878011e-05
5.7021676184376702e-05
5.7295648730359972e-05
6.1841841670684516e-05
6.7505141487345099e-05
7.1451227995567024e-05
7.1753929660189897e-05
6.9154768425505608e-05
6.5583735704421997e-05
6.3214320107363164e-05
6.2552586314268410e-05
6.2550767324864864e-05
6.0199017752893269e-05
5.3653027862310410e-05
4.2824081901926547e-05
3.1092782592168078e-05
2.2918366084923036e-05
2.2638665541308001e-05
3.1204690458253026e-05
4.6341614506673068e-05
6.2648490711580962e-05
7.4823350587394089e-05
7.9520832514390349e-05
7.7281249104999006e-05
7.0924375904724002e-05
6.4895502873696387e-05
6.2058010371401906e-05
6.3870422309264541e-05
6.9034300395287573e-05
7.5084113632328808e-05
7.8472774475812912e-05
7.6994285336695611e-05
6.9933346821926534e-05
5.9661673731170595e-05
4.9927348300116137e-05
4.4223423174116760e-05
4.3672742322087288e-05
4.6394998207688332e-05
4.8251138650812209e-05
4.5427128497976810e-05
3.6780595110030845e-05
2.4363109332625754e-05
1.1774225640692748e-05
2.8480862965807319e-06
-1.2388065897539491e-06
-1.0856049357244046e-06
1.1577467375900596e-06
4.1830353438854218e-06
7.5710127021011431e-06
1.1744211406039540e-05
1.6308700651279651e-05
1.9769155187532306e-05
1.9746010366361588e-05
1.4765279047423974e-05
5.1256442930025514e-06
-6.1378627833619248e-06
-1.5109680134628434e-05
-1.8007953258347698e-05
-1.3806449715048075e-05
-4.4060898289899342e-06
5.8972623264708091e-06
1.2924347174703144e-05
1.3761731679551303e-05
8.8015340224956162e-06
2.3514286340287072e-07
-8.5445281001739204e-06
-1.5832836652407423e-05
-2.0870280422968790e-05
-2.3839236746425740e-05
-2.4164353817468509e-05
-2.1401086996775120e-05
-1.5586176232318394e-05
-8.7518310465384275e-06
-3.7550844353972934e-06
-3.7151398828427773e-06
-9.0031062427442521e-06
-1.7708513041725382e-05
-2.5754387024790049e-05
-3.0278712074505165e-05
-3.0428707759710960e-05
-2.7807478545582853e-05
-2.4859295081114396e-05
-2.2841821191832423e-05
-2.1091249436722137e-05
-1.8348644516663626e-05
-1.3633840353577398e-05
-8.2010301412083209e-06
-4.3188601921428926e-06
-4.4868106670037378e-06
-9.1522615548456088e-06
-1.7104895960073918e-05
-2.5954715965781361e-05
-3.3589349186513573e-05
-3.9246635424206033e-05
-4.3362240830902010e-05
-4.6255943743744865e-05
-4.8209512897301465e-05
-4.8616711865179241e-05
-4.7807759983697906e-05
-4.6217017370508984e-05
-4.5596068957820535e-05
-4.6501980250468478e-05
-4.8091136704897508e-05
-4.7294939577113837e-05
-4.1564351704437286e-05
-3.0079845600994304e-05
-1.5606028682668693e-05
-2.9729858397331554e-06
2.6170846467721276e-06
-9.6184407993860077e-07
-1.2538161172415130e-05
-2.7227692044107243e-05
-3.9921680581755936e-05
-4.6886969357728958e-05
-4.7779125452507287e-05
-4.4438056647777557e-05
-3.9806458516977727e-05
-3.6210949474480003e-05
-3.4582357329782099e-05
-3.4145843528676778e-05
-3.3477143006166443e-05
-3.0939554562792182e-05
-2.6066167265526019e-05
-1.9249711840529926e-05
-1.2588581739692017e-05
-8.2567703429958783e-06
-8.3980721683474258e-06
-1.3004163520236034e-05
-2.0554105503833853e-05
-2.8222206310601905e-05
-3.3593583793845028e-05
-3.5756122088059783e-05
-3.5552096960600466e-05
-3.4679775126278400e-05
-3.4797765692928806e-05
-3.6045690649189055e-05
-3.7320380215533078e-05
-3.7280962715158239e-05
-3.5117584047839046e-05
-3.0794126359978691e-05
-2.5440314857405610e-05
-2.0287738152546808e-05
-1.6453028365503997e-05
-1.4165631910145748e-05
-1.3487258911482058e-05
-1.4304430806078017e-05
-1.5982215700205415e-05
-1.7314432625425979e-05
-1.7361209756927565e-05
-1.5703641111031175e-05
-1.3739528185396921e-05
-1.4232527973945253e-05
-1.9438066374277696e-05
-2.9290131351444870e-05
-4.0331357013201341e-05
-4.6989560360088944e-05
-4.4720749428961426e-05
-3.2252617529593408e-05
-1.3689664228877518e-05
3.9322421798715368e-06
1.3129308172210585e-05
1.0932309123745654e-05
-5.8375644584884867e-07
-1.5251512195391115e-05
-2.6655847250367515e-05
-3.1226780265569687e-05
-2.9481790988938883e-05
-2.4453895093756728e-05
-1.9230414181947708e-05
-1.4541467862727586e-05
-9.4502847787225619e-06
-2.8960139388800599e-06
4.7726989578222856e-06
1.1637501302175224e-05
1.5060462828841992e-05
1.3908922483096831e-05
9.2747959570260718e-06
4.2413707888044883e-06
1.9019520323126926e-06
3.5973885132989381e-06
7.6507385529112071e-06
1.1256712241447531e-05
1.1962936696363613e-05
9.9800154202966951e-06
7.3535552473913413e-06
6.9178759076748975e-06
9.9903600130346604e-06
1.5903557141427882e-05
2.2045709556550719e-05
2.5927805836545303e-05
2.6212463126285002e-05
2.3349641196546145e-05
1.9248771423008293e-05
1.6010737454053015e-05
1.5177683962974697e-05
1.6804602637421340e-05
1.9364706531632692e-05
2.1181836928008124e-05
2.1219510017544962e-05
1.9908346075681038e-05
1.8885690224124119e-05
2.0185110770398751e-05
2.4471310098306276e-05
3.0820156098343432e-05
3.6538800486596301e-05
3.9082700823200867e-05
3.7615569453919306e-05
3.3201060432475060e-05
2.7950516596320085e-05
2.3711461835773662e-05
2.1455434762174264e-05
2.0650386431952938e-05
2.0338840840850025e-05
2.0214356482028961e-05
2.0864490579697303e-05
2.3151620553107932e-05
2.6964511562255211e-05
3.1097424653125927e-05
3.3737724152160808e-05
3.4171556762885302e-05
3.3009680919349194e-05
3.2398260373156518e-05
3.4422417229507118e-05
3.9153845136752352e-05
4.4163236452732235e-05
4.5781733206240460e-05
4.1366423829458654e-05
3.1145158573053777e-05
1.8562699551694095e-05
8.6479813035111874e-06
5.5093596529331990e-06
9.8986965895164758e-06
1.9594295736169443e-05
3.0020073609193787e-05
3.7032674299553037e-05
3.8313632103381678e-05
3.4442120522726327e-05
2.8234961064299569e-05
2.2775897377869114e-05
1.9735167370527051e-05
1.8808761524269357e-05
1.8609662220114842e-05
1.7876987840281799e-05
1.7285488866036758e-05
1.8310774976271205e-05
2.2319538402371109e-05
2.8505015507107601e-05
3.3698066545184702e-05
3.3996620913967490e-05
2.7510737709235400e-05
1.6077701729955152e-05
4.5720371417701244e-06
-1.4266677226260072e-06
8.4991870608064346e-07
9.9589933597599156e-06
2.1340019884519279e-05
2.9575716325780377e-05
3.0972601962275803e-05
2.4784752895357087e-05
1.3185452189645730e-05
1.5602955727445078e-07
-1.0685429515433498e-05
-1.7502366972621530e-05
-2.0592662622220814e-05
-2.1579817257588729e-05
-2.2059926777728833e-05
-2.3143287762650289e-05
-2.4306456907652318e-05
-2.4768785806372762e-05
-2.4134660634445027e-05
-2.2178406652528793e-05
-1.9527944459696300e-05
-1.6712590877432376e-05
-1.4797352378081996e-05
-1.4351266145240515e-05
-1.5629058907506987e-05
-1.8132330296793953e-05
-2.1039904822828248e-05
-2.2804577383794822e-05
-2.2357897250913084e-05
-1.8864047888200730e-05
-1.3064543054497335e-05
-6.5206590988964308e-06
-1.0312483027519193e-06
2.3254319785337429e-06
3.6087553780816961e-06
3.4172740015492309e-06
1.8224948235001648e-06
-1.7356846910843160e-06
-8.0581321526551619e-06
-1.6338091882062145e-05
-2.3779837647452950e-05
-2.6484372938284650e-05
-2.2267395252129063e-05
-1.2549744496936910e-05
-2.5791514417505823e-06
1.4896413631504402e-06
-4.0725426515564322e-06
-1.7720776668284088e-05
-3.3436983358114958e-05
-4.4055686885258183e-05
-4.5011067413724959e-05
-3.6831290344707668e-05
-2.4929420760599896e-05
-1.5807614545337856e-05
-1.3637382835440803e-05
-1.8036251276498660e-05
-2.4705874238861725e-05
-2.8662818294833414e-05
-2.7043166483053938e-05
-2.1274596292641945e-05
-1.6006953956093639e-05
-1.6220355973928235e-05
-2.3666807464906015e-05
-3.5303739423397928e-05
-4.4946209527552128e-05
-4.7285237087635323e-05
-4.1171264456352219e-05
-2.9805587473674677e-05
-1.8886190446210094e-05
-1.2701173545792699e-05
-1.1898289812961593e-05
-1.3745250726060476e-05
-1.5026068467705045e-05
-1.3946038052381482e-05
-1.1362529221514706e-05
-8.9955146904685535e-06
-7.6899441410205327e-06
-6.3895022321958095e-06
-3.1170609418040840e-06
3.2736784305598121e-06
1.1748774340958335e-05
1.9409008018556051e-05
2.3299400709220208e-05
2.1989109882269986e-05
1.6600095477770083e-05
9.5596342362114228e-06
3.5842226679960731e-06
6.4841788116609678e-07
1.1926472325285431e-06
4.6412351366598159e-06
9.5703344413777813e-06
1.4001320778334048e-05
1.5698906281613745e-05
1.3563741958932951e-05
7.8099565143929794e-06
5.5351506489387248e-07
-5.2876930567435920e-06
-6.9902202994853724e-06
-3.6528106193145504e-06
3.0600067475461401e-06
9.5833929663058370e-06
1.2641796274692751e-05
1.0923706213361584e-05
5.7897696024156176e-06
6.2449217352877895e-08
-3.9429469325114042e-06
-5.8891423577733804e-06
-7.3051778599619865e-06
-9.9264179880265146e-06
-1.3542936358135194e-05
-1.5692356100771576e-05
-1.3344731996767223e-05
-5.3415569709613919e-06
6.0754146034014411e-06
1.6103651432786137e-05
1.9995819457108155e-05
1.5680543583584949e-05
5.3442117859958671e-06
-6.2506519498128910e-06
-1.4433784599532373e-05
-1.7201087757712230e-05
-1.5933350368868560e-05
-1.3907075299357530e-05
-1.3305506399774458e-05
-1.4098781321081333e-05
-1.3826655049342662e-05
-1.0183837730437517e-05
-2.5487765924481209e-06
6.8199842644389719e-06
1.4515684597427025e-05
1.7864520486909896e-05
1.6782094462541863e-05
1.3505949027603492e-05
1.0871453923755325e-05
1.0299888344889041e-05
1.1317448297631927e-05
1.1557807738427073e-05
8.9061231847153977e-06
2.3222048639581772e-06
-6.2463072936225217e-06
-1.3633865819429047e-05
-1.6021362171159126e-05
-1.1058862583013251e-05
3.7510312722588424e-07
1.3622462574858218e-05
2.2311276552500203e-05
2.1659940102836117e-05
1.1514226571307518e-05
-2.9636294129886664e-06
-1.3438388123176992e-05
-1.3113089153193869e-05
-5.3719861625722842e-07
1.9196420907974243e-05
3.7041681935079396e-05
4.4875712774228305e-05
3.9907790778670460e-05
2.5587185518816113e-05
9.3110857051215135e-06
-2.2324538804241456e-06
-6.1385744629660621e-06
-4.2953806769219227e-06
-6.6289737787883496e-07
1.2916427749587456e-06
8.5138930216999142e-07
-4.1394523009330442e-07
-7.6665861570290872e-07
1.8193296114077384e-07
1.3695980669581331e-06
1.0703303132686415e-06
-6.1658124650421087e-07
-2.1390783331298735e-06
-1.1505778729770100e-06
3.1496920200879686e-06
8.7789385361247696e-06
1.1567377441679128e-05
7.8287694122991525e-06
-3.0018870802450692e-06
-1.6920881535043009e-05
-2.7566442440729588e-05
-2.9365757654886693e-05
-2.1471749278134666e-05
-7.5338857641327195e-06
5.9343415159673896e-06
1.3538479834096506e-05
1.3631737601826899e-05
8.6186028056545183e-06
2.4994251361931674e-06
-1.2776206403941615e-06
-1.9447877548373071e-06
-6.7293365191289922e-07
2.7109973643746343e-07
-4.8552914222455001e-07
-3.3404003261239268e-06
-7.4068707363039721e-06
-1.1703479685820639e-05
-1.4869665392325260e-05
-1.6321884686476551e-05
-1.4982582797529176e-05
-1.0850208127521910e-05
-4.2644196582841687e-06
3.3649512261035852e-06
1.0624358765198849e-05
1.6182591934921220e-05
1.9861943655996583e-05
2.2068752514314838e-05
2.3559276087325998e-05
2.4105809643515386e-05
2.3798662368790247e-05
2.2315991373034194e-05
2.0121711713727564e-05
1.7080717952921987e-05
1.3055903764325194e-05
7.1832910180091858e-06
-2.9580999694189813e-07
-8.0299869296140969e-06
-1.2551159670692869e-05
-1.0983733773173299e-05
-3.1886113447399111e-06
7.0121868702699430e-06
1.3627630323753692e-05
1.2001350114587694e-05
2.7656001293507870e-06
-8.4151370174367912e-06
-1.3977884918858763e-05
-9.7467354862601496e-06
2.2138699478091439e-06
1.4637165804742835e-05
1.9914707081625238e-05
1.5290945157175884e-05
4.4764265112462454e-06
-5.0567878133733757e-06
-6.9297620939323679e-06
-6.9384975631692214e-07
7.8981574915815145e-06
1.1224517947994173e-05
4.8477759264642373e-06
-9.3173584900796413e-06
-2.3689892259426415e-05
-3.0524712201440707e-05
-2.6234849428874440e-05
-1.4461458704317920e-05
-2.3265113213710720e-06
3.3086246276070597e-06
1.4285631095845019e-06
-3.4309598504478345e-06
-4.3619425014185254e-06
2.1810974430991337e-06
1.3496479368768632e-05
2.1975261915940791e-05
2.0568606487358920e-05
7.7112454164307564e-06
-1.0606339856167324e-05
-2.4959790607681498e-05
-2.7620240871328861e-05
-1.8416858438285999e-05
-3.6068013287149370e-06
7.3369928941247053e-06
8.3164941315772012e-06
-2.0073383666385780e-07
-1.1847978385048918e-05
-1.9206807337468490e-05
-1.8050081052933820e-05
-1.0337585081288125e-05
-1.6615238109807251e-06
2.3180505195341539e-06
9.2827292519359617e-09
-5.2167515605106018e-06
-7.6601781984209083e-06
-3.0450137273874134e-06
8.4749308371101506e-06
2.1720485165133141e-05
3.0102404707577080e-05
2.9162689315853640e-05
1.9917020836146548e-05
7.7571367000928149e-06
-2.6913420470009441e-07
-6.2093693031783914e-07
4.7693879423604812e-06
9.5069444796536118e-06
7.3299261202919297e-06
-3.4876684367191046e-06
-1.8513386748963967e-05
-3.0196273655747063e-05
-3.1807649065740407e-05
-2.2121323127066717e-05
-5.2916402637492865e-06
1.1117863323306665e-05
2.0635481632780284e-05
2.0499370293691754e-05
1.2883855561085511e-05
2.2479493964056019e-06
-6.5234380599576980e-06
-1.0820151146617718e-05
-9.9791323009412736e-06
-5.3318681239034049e-06
8.7862281361594796e-07
5.6963062888826244e-06
6.8708177423104644e-06
3.0947467166697606e-06
-4.7927114792400971e-06
-1.4063175513001624e-05
-2.0786508684977889e-05
-2.1512440071091987e-05
-1.4789773558732122e-05
-2.3130330646381481e-06
1.2236005204613321e-05
2.3994540242711082e-05
3.0059065466048196e-05
2.9004970201640390e-05
2.2057836758904159e-05
1.0922449291683733e-05
-1.6287714288409916e-06
-1.3248683899291791e-05
-2.2106880351202562e-05
-2.7142803446622565e-05
-2.7650054107652977e-05
-2.3519702153862454e-05
-1.5207055184873752e-05
-4.7292210183513816e-06
5.5423120102204848e-06
1.2863329175161198e-05
1.5593222997267731e-05
1.3262482752907090e-05
7.4197623689542525e-06
1.3619660421682056e-07
-6.4385808400402311e-06
-1.1659351912385318e-05
-1.5476372936973348e-05
-1.9190758393961005e-05
-2.2886042643222027e-05
-2.5764205929590389e-05
-2.5530287530273199e-05
-2.0644474716391414e-05
-1.1242571417824365e-05
-2.5202544406965899e-07
8.3839959188480861e-06
1.1308491593808867e-05
8.0366316979052499e-06
1.2588664048962528e-06
-4.4044827518519014e-06
-5.1996967158629559e-06
8.4044721404552547e-08
9.0616831585066393e-06
1.7466427379986271e-05
2.0865027181571350e-05
1.7420745280105621e-05
8.0708177847554907e-06
-3.4151071304222569e-06
-1.3190656318329275e-05
-1.7812932128435932e-05
-1.6184549167519435e-05
-9.3545340860146098e-06
-6.1183993693703087e-07
6.5742674451030325e-06
8.9571549324318767e-06
5.3498602028412279e-06
-3.3104111025750171e-06
-1.3449335710902233e-05
-2.1052775991847739e-05
-2.2910042389412411e-05
-1.8936520064016804e-05
-1.1303520295768976e-05
-3.8368689274648204e-06
9.9346493698249105e-07
2.7665391826303676e-06
3.6166557038086466e-06
5.7386782827961724e-06
9.9477692856453359e-06
1.4900844689691439e-05
1.8125225324183702e-05
1.7773323634173721e-05
1.4217397620086558e-05
9.3696535259368829e-06
5.7710303735802881e-06
4.2577257772791199e-06
4.4619828258873895e-06
4.8012525439844467e-06
4.7781250032130629e-06
4.6940385800553486e-06
5.7393999668420292e-06
8.1410053098807111e-06
1.0619343811413273e-05
1.0602428119454999e-05
6.4257283156621270e-06
-1.2973320053788484e-06
-9.7238207672489807e-06
-1.5475550753762946e-05
-1.6465328371850774e-05
-1.3086949365970213e-05
-7.9710098361829296e-06
-4.3165491661056876e-06
-3.3836122383945622e-06
-4.4271223487157840e-06
-5.0679900596151128e-06
-3.1250897336576600e-06
1.9311853520775912e-06
8.8348315330222249e-06
1.5538660591118969e-05
2.0500427126535214e-05
2.3598506231792271e-05
2.4781100364634767e-05
2.4113765903166495e-05
1.9796938431682065e-05
1.0764824764919467e-05
-2.7428145585872699e-06
-1.6917427274165675e-05
-2.6429304853081703e-05
-2.7262847652309574e-05
-1.9839701053570025e-05
-9.1823603725060821e-06
-2.1671912691090256e-06
-2.5198469302267767e-06
-9.1809088189620525e-06
-1.6201858670683578e-05
-1.7916841898113489e-05
-1.2376989616313949e-05
-2.9483057915058453e-06
4.5945480451337062e-06
5.9636936384777073e-06
1.8957065321956179e-06
-3.7124373193364590e-06
-5.8655687098507769e-06
-2.9316213385754963e-06
3.0391238396987319e-06
7.8878147178329527e-06
9.0119483502348885e-06
6.3959828366932925e-06
2.5076351448660716e-06
-3.0606219070250518e-07
-1.2309271824051393e-06
-1.5099085430847481e-06
-2.5908943825925235e-06
-4.8772026275401004e-06
-6.8809931690338999e-06
-6.7458877310855314e-06
-3.4122076613130048e-06
1.8180721781391185e-06
6.5116846599266864e-06
8.5078245319891721e-06
7.3720061664062086e-06
4.1091425373451784e-06
8.1739494817156810e-07
-1.3388112165557686e-06
-2.2104936761024874e-06
-2.6203106244793162e-06
-3.1783279155206401e-06
-3.8325833884300664e-06
-3.8785565266152844e-06
-3.3186261134687811e-06
-2.2469409941550111e-06
-1.4986138694439433e-06
-1.5372934285551310e-06
-2.6493128189031268e-06
-4.3947966332780197e-06
-6.7570726969279349e-06
-9.7589690994936973e-06
-1.3369531188800465e-05
-1.6393398254876956e-05
-1.6784211766207591e-05
-1.2380918633425608e-05
-3.1007964480522787e-06
8.3400263974908739e-06
1.6711434000171721e-05
1.7729791579768062e-05
1.0157524229725823e-05
-1.9526014511939138e-06
-1.1966117199335713e-05
-1.3798005966236815e-05
-6.3090287767408881e-06
6.9188481575110927e-06
1.9360562873771414e-05
2.6398896807222627e-05
2.7174133720109239e-05
2.4764980480540544e-05
2.3502841941080987e-05
2.5977971745305695e-05
3.1189680157694966e-05
3.5920435038860887e-05
3.6564328183885664e-05
3.1885741918813437e-05
2.3178243282018229e-05
1.4072325029701460e-05
8.2144160842290148e-06
7.5814650699612685e-06
1.1420046575949527e-05
1.7133190340246074e-05
2.1427060346468352e-05
2.1886902686674148e-05
1.8027447367785498e-05
1.1083372555731330e-05
2.8785655104002217e-06
-4.1079324546444695e-06
-8.0004247138276696e-06
-7.6323867688188329e-06
-3.6678552532976028e-06
2.6111479201063048e-06
8.9842842498910613e-06
1.3467069038597401e-05
1.4089464457356371e-05
1.0032614227384329e-05
1.7944639694178477e-06
-7.9402962001040578e-06
-1.5747158613521606e-05
-1.8628559701028280e-05
-1.5843183064134791e-05
-9.1326319306972437e-06
-1.8489047306502471e-06
3.4472625429771142e-06
6.1751675275445450e-06
7.4853901423921343e-06
8.3292216004338115e-06
8.6815189206390642e-06
6.6779757617041469e-06
1.0861483588087140e-06
-8.1579955804045312e-06
-1.7956308511202224e-05
-2.4649780243635178e-05
-2.5512750653433613e-05
-2.1338142687454820e-05
-1.4958488463889807e-05
-9.7800675575854257e-06
-7.3445389716653153e-06
-7.2696411734796129e-06
-7.5410794124763925e-06
-7.0695964495826047e-06
-5.8558939599606674e-06
-4.6952109187259339e-06
-4.2583242247928865e-06
-4.3718773667933419e-06
-4.3017998905270360e-06
-3.8477460293506738e-06
-3.2133309559867484e-06
-3.3216185784112895e-06
-4.8507954488741234e-06
-7.3491678449499886e-06
-9.7056490631075576e-06
-1.0915257007582113e-05
-1.0712636139942333e-05
-9.8027048807125539e-06
-9.6687363111414015e-06
-1.1712858395185322e-05
-1.6511105059180409e-05
-2.3620039428351447e-05
-3.0980685551185161e-05
-3.5979901440441608e-05
-3.6357487260829657e-05
-3.1365059840027243e-05
-2.2346930563799106e-05
-1.2846965546486899e-05
-6.9359557528514415e-06
-7.5856614785152487e-06
-1.4339797417051159e-05
-2.4160535758710466e-05
-3.2238112908089533e-05
-3.5579476389102638e-05
-3.4514712751843035e-05
-3.2195795938605443e-05
-3.1944211514201015e-05
-3.4845113987103105e-05
-3.8727925129933283e-05
-3.9567228668602183e-05
-3.4482582123018801e-05
-2.4078392016235739e-05
