1.7957818272407167e-06
-4.1996008803835139e-06
6.2716891989111900e-05
-4.3457521314849146e-06
3.2076168281491846e-05
-4.4984435589867644e-06
6.2463019276037812e-05
-4.6585564632550813e-06
1.2876130313088652e-06
2.5689299945952371e-05
-5.9895977756241336e-05
-3.5521785321179777e-05
9.8324517239234410e-07
-3.5706550988834351e-05
8.1883354141609743e-07
-3.5899516660720110e-05
6.4598498283885419e-07
-5.5825003073550761e-06
-3.0052276997594163e-05
-5.7907172958948649e-06
3.0792471079621464e-05
2.4510913135600276e-05
7.7979166235309094e-08
-6.2310855355462991e-06
-1.2845612218370661e-07
-6.4626565290382132e-06
-3.4210688681923784e-07
-6.7017963374382816e-06
-5.6277031035278924e-07
-3.7465346395038068e-05
-7.9139022091112565e-07
2.3316066290135495e-05
2.9488817745004781e-05
2.3056034478941001e-05
-1.2724603948299773e-06
-7.7287122621783055e-06
-3.2038482459029183e-05
-3.8519287045346573e-05
2.8739606932504103e-05
-8.2811529864557087e-06
2.8477297746576369e-05
-8.5666124505223706e-06
-2.3102959403331624e-06
-8.8566039266879670e-06
2.7933658202528022e-05
2.1365183783927932e-05
-2.8639760785154067e-06
-9.4527422334067523e-06
2.7369045710656792e-05
-4.0275408537127078e-05
-3.4375948416709434e-06
-1.0065581591334194e-05
5.7305172958876938e-05
2.0139577827649191e-05
-4.0269733290188015e-06
-1.0692649993870873e-05
-4.3265499698463827e-06
-1.1010960406565573e-05
-4.6289146666822489e-06
4.9704762204783037e-05
-3.5451757867122069e-05
-1.1652067769318819e-05
2.5276596716139466e-05
-1.1975391316809691e-05
-5.5490454542450607e-06
-1.2298775800445583e-05
2.4661841962370090e-05
-1.2622040230780840e-05
-6.1662235566473100e-06
1.7572368960827589e-05
-6.4746059251774568e-06
-1.3267177564557642e-05
-6.7824448706232943e-06
-1.3588481124315877e-05
2.3428447093465365e-05
-4.4424454245017841e-05
-7.3940173024311662e-06
1.6293393855448812e-05
-7.6961123340879567e-06
-1.4537298739014659e-05
2.2521227947436273e-05
1.5670409993617795e-05
2.2226531655178405e-05
1.5364999853773043e-05
-8.5827450675424188e-06
4.5581218728329986e-05
5.2165531087666750e-05
-1.5749457816127688e-05
-9.1515967142186128e-06
1.4478170669462997e-05
2.1090183508931659e-05
-4.6840432332828641e-05
2.0819705241592601e-05
-1.6600131857558154e-05
2.0557223251671530e-05
-1.6869475075509399e-05
2.0301267795730382e-05
1.3386812497628853e-05
2.0052386389579624e-05
-1.7384034435963258e-05
1.9811866877716966e-05
4.3406806071288884e-05
1.9580509615479968e-05
1.2653581507038325e-05
1.9359018551767804e-05
1.2428498848748859e-05
1.9147091734339483e-05
1.2214071830385365e-05
-1.1573598385439254e-05
4.2526778997853398e-05
1.8752331016003154e-05
1.1816585356427822e-05
1.8573213310446590e-05
4.2152569221798331e-05
-1.2114338460378349e-05
1.1465423085610382e-05
-1.2271077139303088e-05
-1.9209004676667973e-05
1.8100559827871621e-05
1.1164823263243306e-05
1.7969323380384594e-05
4.1551338654244319e-05
-4.3185398681089282e-05
1.0916383871517610e-05
-4.3292187910992652e-05
4.1329920350108296e-05
4.8168250941671431e-05
1.0722730621637311e-05
-4.3462499888846651e-05
1.0647498129401356e-05
1.7505153664387763e-05
1.0586723874439485e-05
-1.3059968296147417e-05
-1.9976218027295545e-05
-1.3095740541757550e-05
-2.0006847989861853e-05
-4.3634467147057876e-05
-2.0021714590257034e-05
-1.3122203199600335e-05
1.0495725291548297e-05
1.7405109247192740e-05
-5.0522794481366873e-05
1.7431204469176009e-05
1.0544318683969323e-05
1.7470340026193298e-05
-1.9925713786506094e-05
1.7527736417832784e-05
1.0655903679435141e-05
-1.2917792446387466e-05
1.0736339390859939e-05
-1.2830123523599468e-05
-1.9684848666656762e-05
-1.2726692148135044e-05
-1.9572600649553351e-05
1.7910773749463260e-05
-1.9443814380792901e-05
-1.2471999980334658e-05
-1.9298704501125030e-05
-1.2319945199124049e-05
1.1379649549780879e-05
-1.2152190720371436e-05
-1.8960432498715818e-05
4.9064037739299238e-05
4.2267856770195067e-05
-1.1773398000514135e-05
4.2476858652662486e-05
-1.1559452104847878e-05
-1.8333492334932089e-05
1.9187242287443951e-05
-1.8093196558766067e-05
-4.1604493162594736e-05
-1.7837233826867305e-05
-1.0827988262462895e-05
1.2951397366123274e-05
5.0480120989959687e-05
-1.7280453903367743e-05
2.0252751710359007e-05
-1.6979854990495369e-05
2.0553017748170532e-05
1.3852668416802771e-05
2.0868934370810166e-05
-1.6335516193066724e-05
2.1197689420660026e-05
-1.5993136912584305e-05
2.1539985027629882e-05
1.4880378330417443e-05
-3.9139969885582104e-05
1.5249218449753243e-05
-8.2543547250679694e-06
-1.4886043572914787e-05
2.2642261683358811e-05
1.6024307115003467e-05
2.3032534954836592e-05
-1.4087612726143561e-05
2.3435199182131328e-05
-4.4189233449287713e-05
2.3846656404202804e-05
1.7273132471018471e-05
-6.2477697611029726e-06
1.7710059182718396e-05
-5.8164750953437760e-06
-1.2360707842162810e-05
2.5141736841760576e-05
-1.1905163773917593e-05
-3.5445471439743415e-05
-1.1441671631473582e-05
2.6046562197734602e-05
-1.0970368748530746e-05
2.6509263989282772e-05
2.0024872355861589e-05
2.6977106244885363e-05
-1.0007714081439190e-05
2.7452319045551121e-05
-9.5169743872247636e-06
5.8450175856705755e-05
2.1495361579582095e-05
2.8415677661541849e-05
-3.9041035051923245e-05
-1.6151514046214288e-06
-3.8538088119821623e-05
-1.1255718845859519e-06
2.3002872694632970e-05
-6.3390956483999616e-07
-7.0083628997963388e-06
-1.4287581961980322e-07
-3.7017663998994976e-05
3.5151191468685283e-07
-3.6509212804958224e-05
8.4185467130737379e-07
2.5033106794580817e-05
-2.9184526283643208e-05
2.5539578928146511e-05
1.8205888636657619e-06
-4.4739281293004751e-06
3.2822765206219628e-05
-3.9733204175718129e-06
2.7873225008079316e-06
-3.3994281693594530e-05
3.2627583550493000e-06
-3.3501888538012281e-05
3.7344329939514864e-06
-2.4979344743769616e-06
6.5232568886131048e-05
-2.0185889297863469e-06
4.6538420974684414e-06
-1.5453795185749186e-06
5.1024671847699210e-06
-1.0808169008669211e-06
5.5421842262148857e-06
-3.1143135856837034e-05
5.9714607232308481e-06
3.0338313081301749e-05
3.6908219044562429e-05
3.0773568141739815e-05
6.7983805820404086e-06
3.1197669159155339e-05
7.1943422881304286e-06
6.2127539422363043e-05
7.5801494858751539e-06
1.4916306554368930e-06
7.9472465586150065e-06
1.8779772972266073e-06
8.3012128015980124e-06
2.2498788894154131e-06
8.6423242464661598e-06
2.6069983505294658e-06
-2.1550384190049954e-05
-2.7568115910980850e-05
3.9794158510630950e-05
3.3793279726523906e-05
9.5694977062521502e-06
3.5862153708876576e-06
4.0363094740314409e-05
3.8795888031017967e-06
1.0102179658133537e-05
3.4673805203055963e-05
-2.0173683878965676e-05
-2.6101959520019591e-05
-1.9950364730902947e-05
3.5174878576071933e-05
4.1288472857559100e-05
4.8805663936946075e-06
1.0957155609503388e-05
5.0867211029981263e-06
1.1124801858386490e-05
5.2739837883564178e-06
1.1274080861767288e-05
5.4436254686152097e-06
4.1920451621990651e-05
3.6112251109443605e-05
-1.9002605768037029e-05
-2.4789898816379718e-05
-1.8909930076915771e-05
5.8429623095435090e-06
1.1682846889016218e-05
-5.5095522839110345e-05
1.1739786714315414e-05
6.0202173699508421e-06
4.2296131141483784e-05
-2.4434370061499067e-05
1.1800093489000574e-05
6.1298346736293752e-06
-4.9229267460759729e-05
-2.4356750145670958e-05
1.1794041711254977e-05
-2.4341707103303634e-05
-1.8750377421383746e-05
6.1771761465934105e-06
-1.8791370166582055e-05
6.1639734667551238e-06
-4.9364007281837985e-05
-2.4379358364967629e-05
-4.9431997467763722e-05
-5.4934858781052753e-05
-1.8994775018654764e-05
-2.4466546165058389e-05
1.1431888196966611e-05
5.9925860114162788e-06
1.1331645509926602e-05
-2.4592605768702924e-05
-1.9297278413432650e-05
-2.4668008336448111e-05
-4.9931983085116372e-05
-2.4748957002884708e-05
1.0981442756019533e-05
-2.4834482246660627e-05
-5.0181628466816619e-05
5.5931350289029069e-06
-1.9794675608864054e-05
-2.5015595383592881e-05
-1.9927352695958689e-05
3.5928293073084205e-05
1.0457981261424720e-05
-5.5714117479510605e-05
-2.0189523638691753e-05
5.2338455134304240e-06
1.0200306860497221e-05
-5.5883279856061563e-05
1.0078073501063045e-05
-2.5441406251047738e-05
4.0480921597918496e-05
5.0089442993339617e-06
-2.0660463633248582e-05
-2.5565643227309920e-05
4.0278926462633535e-05
4.9069776650867425e-06
9.6789044619072229e-06
4.8759611672721803e-06
9.6093990578083321e-06
-2.5656026991782710e-05
-2.0960713300155476e-05
4.8643919399182778e-06
-2.0994928490836173e-05
-2.5630828531575389e-05
9.5094819698715582e-06
4.9310920076095499e-06
9.5162886282196268e-06
-5.6035707530099899e-05
-5.1486713346093893e-05
5.0923267735925037e-06
9.6070334620890208e-06
5.2141167543595657e-06
9.6928188213496469e-06
5.3639341786038131e-06
9.8074469860875979e-06
5.5452110245823860e-06
9.9542376119643450e-06
5.7599363572080620e-06
-5.0900966016342863e-05
6.0087468227720819e-06
1.0349968761147466e-05
6.2936314861872233e-06
1.0601873327686917e-05
6.6170778154628351e-06
1.0891038982663304e-05
3.7497164157684892e-05
7.2255024861078709e-05
7.3830997280310839e-06
-1.8926793927676044e-05
7.8291623140103184e-06
1.2004213203908876e-05
-2.2198288206709549e-05
-1.8056969565805048e-05
8.8538599811727181e-06
1.2960124877281487e-05
9.4345996330957860e-06
1.3508619304047897e-05
1.0061583452625200e-05
1.4104358342592604e-05
1.0736932381405495e-05
1.4746405213372782e-05
-1.9055933080380782e-05
1.5435121895279735e-05
1.2235110261826776e-05
-1.4341827409225516e-05
1.3058162039669696e-05
-1.3552308701036964e-05
1.3931641660747118e-05
1.7802507500164211e-05
1.4855229892418720e-05
-1.1826496120193042e-05
4.6347442548722029e-05
1.9628430891316384e-05
1.6853889974299818e-05
5.1135590183548629e-05
1.7929829482454807e-05
2.1654966985806823e-05
1.9054366930504330e-05
2.2741985958418809e-05
2.0229814253980294e-05
2.3876360501162708e-05
-9.0637877292465419e-06
2.5061261112568900e-05
-7.7922395576024428e-06
2.6291265385225415e-05
2.4044273231993429e-05
2.7567821234697476e-05
2.5409517547814175e-05
5.9406746004242450e-05
5.7337128964718431e-05
3.0255147066782229e-05
-2.2444996830017772e-06
3.1661875254940242e-05
2.9768925742246211e-05
2.5924186957126949e-06
9.2339963885024190e-05
-5.6956250773509964e-05
-2.8156035114079714e-05
-2.4915801986935548e-05
3.9725046008243226e-06
-5.3874471632298082e-05
5.6180824685725383e-06
8.7524222180945799e-06
-2.3221826268127188e-05
-5.0661634304560721e-05
9.0032663138117641e-06
-4.9012003728421405e-05
-1.9778901332756504e-05
-4.7336390707641840e-05
-1.8018552509602159e-05
-7.6156225986778736e-05
-4.6754172217333689e-05
-4.3920543248532340e-05
1.6082893125712872e-05
-4.2184259655186906e-05
-4.3133757571922615e-05
-7.0950438384898007e-05
-4.1301238525193185e-05
-6.9188965426292270e-05
-3.9458223909605294e-05
-6.3809102357481606e-06
-3.7607176636811346e-05
-9.6159004897344857e-05
-5.2344344112498220e-06
-3.3345200790790841e-05
2.7140478778164834e-05
-3.1567011319566518e-05
-1.5225944025587523e-06
-6.0311198467388749e-05
3.2814858741403441e-07
-2.8026805011904798e-05
2.1699765966332052e-06
-5.6788427173160017e-05
4.0012864701566286e-06
-2.4528475478291512e-05
-5.5218184570549056e-05
-2.2803289539297111e-05
7.6160322350915521e-06
-2.1096024283906445e-05
-2.1124727936694399e-05
1.1102991265943274e-05
1.1146481483592652e-05
-4.8275080189341679e-05
1.2872664228780195e-05
-1.6130974472616799e-05
-1.5949142834870145e-05
-4.5054366637486964e-05
-1.4285857105278410e-05
-1.2977197002328467e-05
1.7858910723589361e-05
-4.1972914914367720e-05
4.9965114158112556e-05
-4.0493250708095729e-05
-9.5216719273594208e-06
-8.5361389210447669e-06
-8.0185400292975828e-06
-7.1447470872954000e-06
2.3957201847224496e-05
-5.7997781368612777e-06
-5.1511742640286684e-06
-3.5023564123548567e-05
-3.7924019125057384e-06
-3.3781248930608854e-05
-3.3003114367602393e-05
-6.3110994233284146e-05
2.9284881748026237e-05
-3.1461673643207178e-05
3.0481525755021721e-05
1.3161945844331058e-07
1.1042925507354084e-06
1.1486631592561025e-06
2.1857213141629472e-06
-5.8930261729983613e-05
3.2065593131846981e-06
3.0036101179575780e-06
3.4687574952840805e-05
3.8382795537472703e-06
5.0699495659500826e-06
-2.5906418159138411e-05
3.6426110455067828e-05
3.5839719203067943e-05
6.7722416133619845e-05
5.9809444792335853e-06
3.7920661270618439e-05
-2.3960143153090030e-05
8.0581230577081442e-06
-2.3434829927282408e-05
6.9687244831584394e-05
-2.2970401914790273e-05
-2.1331781681510620e-05
-2.2568947315448895e-05
9.6603680503903888e-06
-5.2743082051165402e-05
-2.0442617824301124e-05
-2.1941923478152603e-05
4.0951730625238270e-05
-5.2231960580684245e-05
1.0737235243141185e-05
-5.2060724556213245e-05
1.0984855180140585e-05
-2.1424686565296724e-05
1.1181538866367191e-05
-2.1359868696890771e-05
-1.9189927115803584e-05
-2.1344036213122308e-05
1.1425650882301852e-05
-5.1893835916416720e-05
1.1477795851533301e-05
-5.1971412176499143e-05
-1.9030338080483489e-05
-5.2090410463279113e-05
1.1456077118054964e-05
-5.2249371947254986e-05
1.1388723578420468e-05
-2.1928306523477659e-05
4.1803508793236688e-05
-5.2675160986837000e-05
1.1152510523970705e-05
-5.2935210987925529e-05
4.1508028516545892e-05
-5.3221927373670042e-05
-5.0230657507199794e-05
-8.4050319856032729e-05
4.1114457417279482e-05
7.1718118306307588e-06
1.0371976713940967e-05
-8.4727435023523867e-05
-2.0384741219459102e-05
-2.4052511435002089e-05
4.0400882426183671e-05
-2.4422548449365422e-05
-2.0890500309178606e-05
-5.5313477787422016e-05
9.3678972916677594e-06
-5.5690732551738620e-05
-5.1925191655755043e-05
4.9693298933561891e-06
-2.1661773644154891e-05
-8.6953681602608413e-05
-2.1907544578425586e-05
-2.6279281883034855e-05
-2.2141459339763969e-05
-2.6626319595379755e-05
-2.2360711227520369e-05
-5.7474655477562919e-05
7.9572400863980874e-06
-5.7786735851550475e-05
-5.3255982493283227e-05
-5.8077075664186850e-05
-2.2890928448759951e-05
-5.8337729569757357e-05
7.5033267421531491e-06
-5.8570683904690668e-05
7.4115168899879791e-06
-8.9289511379320174e-05
7.3540309131203685e-06
-2.8419532100087963e-05
3.7851834349567071e-05
-5.9064499509986490e-05
-2.3163782316260040e-05
-5.9151192544959486e-05
7.4165564001305029e-06
-5.9196714573772624e-05
7.5227644629194401e-06
-8.9712782937567681e-05
7.6762089520343579e-06
-5.9148635045858100e-05
-2.2639836970483884e-05
-2.8536489480757155e-05
3.8646583561785519e-05
-2.8392516469466500e-05
6.9465830165427178e-05
-2.8196840503369458e-05
3.9302391087403521e-05
-5.8468151109991595e-05
-5.1843286200892180e-05
-5.8168450777884573e-05
-5.1383398385951295e-05
-5.7816629123408347e-05
-2.0352425053715706e-05
-2.6894067559624091e-05
4.1249273635912687e-05
-5.6956050684675574e-05
-4.9683119868859649e-05
-2.5930501578841358e-05
1.2024610441585537e-05
-2.5370334697072394e-05
1.2749022062052973e-05
-5.5277330829994753e-05
1.3523358575184830e-05
-2.4101027520373464e-05
-1.6169931768672541e-05
-2.3393389710690826e-05
-4.5816297642886639e-05
-8.3677361544687301e-05
1.6135643818415701e-05
-8.2879349065478891e-05
1.7095751900342293e-05
-8.2043152360711247e-05
-1.2420718121575192e-05
-5.0648690375965089e-05
1.9135295588057488e-05
-1.9220104150008410e-05
-1.0307367119821720e-05
-4.8791876906761900e-05
-9.2015616246499121e-06
-1.7300992112723179e-05
-3.8584319554502144e-05
-1.6300724382745102e-05
-6.9067191361682490e-06
-4.5794484321959317e-05
-5.7260522225988097e-06
-4.4755837734555826e-05
-3.5045533877564594e-05
-4.3700427340809256e-05
2.7200570912100375e-05
-4.2635128920665011e-05
2.8420377930160612e-05
-4.1565195715520531e-05
2.9644552341778763e-05
-7.1009788371156901e-05
3.5138270959578222e-07
-8.9049481175607070e-06
1.5708554883531178e-06
-6.8878835008945316e-05
2.7815076464321464e-06
-6.7831177148036659e-05
3.9776509765943047e-06
-6.6799912019632757e-05
5.1541837819968350e-06
-3.5272289096610621e-05
3.6825669667450711e-05
-3.4290242183487862e-05
7.4333479460619856e-06
-3.3339823858113959e-05
8.5259116531233303e-06
-1.9069143490924034e-06
4.0098213503370062e-05
-6.2068036640994251e-05
4.1110666643362492e-05
-6.1239174101501703e-05
4.2075604142155498e-05
-2.9944541893200949e-05
1.2473352398956195e-05
-2.9216726034064777e-05
1.3332555681699887e-05
-8.9587934780865908e-05
7.5167561590205878e-05
-5.8465146139496937e-05
1.4868974176351912e-05
3.1084709917195141e-06
-1.4978159924794454e-05
-5.7458131777821109e-05
7.7173790486995131e-05
-2.6543602871242911e-05
1.6665604562149383e-05
3.4812663216143847e-05
4.7632969653932378e-05
4.5369288272922859e-06
1.7486927390564233e-05
-2.5819310394581407e-05
4.8294321459252387e-05
4.7763160182512365e-06
4.8500336561119184e-05
4.7684384298918303e-06
4.8622292524669319e-05
-2.5842968170763925e-05
1.8140344764105976e-05
4.4938233259017579e-06
1.8088070646626875e-05
4.2245992517564446e-06
1.7948103050002828e-05
3.8660909922327846e-06
1.7719459719955921e-05
3.4149693419749383e-06
1.7404074242222123e-05
-2.7635514925350435e-05
1.7000760635710321e-05
-2.8260368708288297e-05
1.6510115528944880e-05
-2.8971702704438940e-05
4.6453220420517027e-05
7.4974860808652011e-07
7.6312004239298403e-05
-1.3060243020390772e-07
4.5054213842377067e-05
-3.1608822609996423e-05
1.3717630281462334e-05
-3.2647625630488619e-05
4.3340765842003748e-05
-6.4279614889528602e-05
4.2372332245577127e-05
-3.4947108360938728e-05
4.1336872527608648e-05
-3.6201887269271538e-05
9.7170068329432979e-06
-3.7519228499149904e-05
8.5556612248183228e-06
-8.3781333160004579e-06
3.7854752008570358e-05
-9.8096898000221699e-06
6.7104338086210191e-05
-4.1805364162428305e-05
3.5273264074930921e-05
-7.3845949373207986e-05
3.3920230634976178e-05
-7.5406533142086118e-05
3.2534080673940480e-05
-1.5962688848958351e-05
6.1638063925784081e-05
-7.8614422818645835e-05
2.9685514164157212e-05
-4.9731705075828359e-05
5.8754878409672529e-05
-5.1376831834204495e-05
2.6781635824590921e-05
-5.3027204558020458e-05
-5.1911720220232382e-06
-2.4157170628313906e-05
2.3877615603851154e-05
-2.5795028705033474e-05
-3.8590787880821154e-05
-2.7414571377448738e-05
-4.0002138121053576e-05
-9.0045854449272156e-05
-1.0866573575185612e-05
-6.1090839153621346e-05
1.8305596313439310e-05
-9.3131624453235418e-05
1.7005226254696026e-05
-6.4089479565154761e-05
1.5757010260131210e-05
-9.6027259132824838e-05
1.4567407561116852e-05
-3.6351288144942373e-05
1.3444451724353712e-05
-6.8159570218995214e-05
-1.8122169421985745e-05
-9.9889628472737968e-05
1.1426396667957306e-05
-7.0500667789019644e-05
1.0545940313022584e-05
-4.1025297832675278e-05
-2.0758767277584411e-05
-7.2486778663005680e-05
9.0717148850671947e-06
-7.3328337748534977e-05
8.4911262092646211e-06
-1.0457998723722994e-04
-2.2496062229038216e-05
-7.4682218837551773e-05
-2.2847918444313109e-05
-1.0570159065537155e-04
7.4398440119693987e-06
-1.0607953299768269e-04
-2.3181570213637315e-05
-7.5812917202711105e-05
-2.3155116650741547e-05
-1.0644966096151620e-04
-2.2993994207354262e-05
-7.5915770139545202e-05
7.8218545240815729e-06
-7.5762727647088468e-05
8.2587575889192522e-06
-1.0598773224046454e-04
-2.1679388737538829e-05
-1.0555286280578002e-04
4.0078517486108467e-05
-1.0497483162907884e-04
-2.0090197722311132e-05
-7.3735543992370367e-05
-4.9596561439102516e-05
-1.0338960419176146e-04
-4.8441419494338334e-05
-1.0238042159471661e-04
-4.7142078983597457e-05
-7.0713234890718013e-05
1.5334189811255783e-05
-6.9422552769538015e-05
-4.4120046368334442e-05
-6.7994995333719999e-05
-1.1883987099281512e-05
-9.6949457656592131e-05
-1.0031346391770057e-05
-9.5254901680164039e-05
-8.0481622717343271e-06
-9.3432674475479871e-05
-5.9391768445493653e-06
-6.0970221966272220e-05
-3.7095733205205761e-06
-1.1994420492555946e-04
-3.1881540053291246e-05
-8.7253676610998809e-05
-2.9427825211314484e-05
-5.4459222155855969e-05
3.4162982046836987e-05
-5.2082352340221405e-05
6.2970657381811179e-06
-8.0133999290410429e-05
3.9553011447424069e-05
-7.7585842518601567e-05
-1.8664421077119187e-05
-7.4962241342291236e-05
1.4740086044184864e-05
-7.2278446168638766e-05
1.7688756997813471e-05
-6.9535497459582984e-05
5.1206261559855193e-05
-6.6747430537361652e-05
2.3729317035758868e-05
-6.3925232097972184e-05
5.7319455663673580e-05
-3.0559222068404779e-05
2.9894683393649757e-05
-2.7696787583408877e-05
3.2997028029058129e-05
-2.4832326744217426e-05
6.6615306423045695e-05
-2.1974266928737052e-05
6.9703055487480015e-05
-4.9654390750220045e-05
1.1731648555723950e-05
-4.6847242629155517e-05
4.5277531171450391e-05
-1.3565743756771553e-05
1.0929307609330863e-04
-1.0855339496629313e-05
8.1697056884877384e-05
-8.2103033491875976e-06
8.4548832091968507e-05
-3.6158806324237958e-05
5.6799810408847407e-05
-3.1610336463927524e-06
5.9476053138496354e-05
-7.8244727319543017e-07
6.2047984101809561e-05
1.4867562185827410e-06
6.4504631154704839e-05
-2.6881676603807136e-05
9.7352902230340987e-05
-2.4866427338565700e-05
3.8512298488058150e-05
7.5258594733895734e-06
4.0561026253271848e-05
-2.1269448552629910e-05
7.2972208727151155e-05
1.0810930689331144e-05
1.3666426639247220e-05
-4.8832152970135212e-05
7.6257434557192028e-05
-4.7617351810913533e-05
4.7115463530644774e-05
-4.6588284021709114e-05
4.8302244977094233e-05
-4.5751734432997182e-05
7.9812991316430271e-05
-1.4595050743082538e-05
8.0603924288880080e-05
1.6355552361346781e-05
8.1189857155550271e-05
-1.3938275515101850e-05
1.1208229261683300e-04
-4.4443986553233117e-05
1.1224273475818336e-04
-1.4132245269138366e-05
8.1667887570802122e-05
-1.4556530004483648e-05
8.1390920968260616e-05
-4.5719920308329165e-05
8.0893871199805290e-05
-1.6073530787252821e-05
8.0174024333246052e-05
1.3353258509596344e-05
1.0975141776725650e-04
-4.8994734243024141e-05
1.0859165922738612e-04
1.0507776096346788e-05
1.0721416037995368e-04
-2.1757357899332419e-05
7.5104719144292176e-05
6.7978471633978188e-06
7.3302413511555642e-05
4.6270047278085258e-06
7.1294503868557513e-05
-5.8782847190741450e-05
6.9087756855878979e-05
-6.1353493947535753e-05
6.6687614889815450e-05
-3.3598516893107444e-05
9.4619688752572984e-05
-3.6542391171678901e-05
3.0821807740721852e-05
-9.1419760792632587e-06
8.8926630269270390e-05
-1.2422128747857641e-05
2.4803634005365893e-05
1.4661760360468179e-05
1.1312065907986835e-04
-1.9431383407209069e-05
-1.2319160305196419e-05
-8.4173341747373343e-05
1.4705706234963145e-05
-5.7478195230942219e-05
7.2138005634769797e-05
-3.0887491448083892e-05
3.7920781323919073e-05
-9.5940122264437377e-05
3.4139473427785560e-05
-6.9514135248027742e-05
-2.2745780370314606e-07
-1.0418624151498079e-04
2.6389436243334785e-05
-4.7349923988804221e-05
2.2451640688814223e-05
-5.1578957936726511e-05
4.9010755901690573e-05
-5.5819262342993170e-05
1.4530108273902442e-05
-9.0575565991457552e-05
1.0579496120044496e-05
-9.4794588221702725e-05
6.6575671553437132e-06
-6.8459317844826728e-05
3.3299096685368568e-05
-4.2070270865224302e-05
2.9486152925528586e-05
-1.0716348333517089e-04
-4.7644184633099940e-06
-1.1113437358289957e-04
2.2115236788522452e-05
-1.1499869287945330e-04
-4.2443090933375061e-05
-1.1874626216012985e-04
1.5198007531580515e-05
-9.1838977823499590e-05
-1.8568516679806635e-05
-1.2581254122778773e-04
-2.1654859665432014e-05
-1.5961812459863722e-04
5.9524886637518648e-06
-1.0168723383685574e-04
-2.7283071176498197e-05
-1.6562687233090401e-04
-6.0312344430712983e-05
-1.6832063556648791e-04
-3.2086609280668199e-05
-1.7078718519769609e-04
-3.4146334655815735e-05
-1.1198198626516387e-04
-3.5960569221060723e-05
-1.7499580280855298e-04
-7.0007972681196406e-06
-1.4619748981203884e-04
-6.9326575612649322e-05
-1.4764298975933343e-04
-7.0341789978556335e-05
-1.4881126116961241e-04
-4.0553008147981018e-05
-1.4968938194215298e-04
-4.0989791159518063e-05
-1.5027247718535364e-04
-1.0609877790557221e-05
-1.8107214418705553e-04
-4.0960228943731636e-05
-1.5053122479002923e-04
-4.0484235796611756e-05
-1.1967863247264177e-04
-9.1790861915796995e-06
-1.4955055667087436e-04
-3.8595364458160475e-05
-1.4859186194371432e-04
-3.7180692743277177e-05
-1.4731851115357131e-04
-4.9333393690176308e-06
-1.7625282634980977e-04
-2.8934568945260253e-06
-1.4384115638677031e-04
-3.1062631023814902e-05
-1.4164239109959453e-04
2.1061698589619482e-06
-1.3914250303059816e-04
3.5573964851209894e-05
-1.0583366383798420e-04
8.2963761087739840e-06
-1.0275499516865239e-04
-1.8699152860790491e-05
-6.8882407504133880e-05
-1.4904686395311728e-05
-1.2629508273676038e-04
-1.0849853424588218e-05
-1.2241864169482142e-04
-6.5433769123046659e-06
-8.7782842456363142e-05
-2.0017919268866535e-06
-8.3436527347657830e-05
6.3796680478844792e-05
-1.0939652565866709e-04
3.8247053453233093e-05
-1.0463875514687970e-04
1.2886141121271066e-05
-9.9701755971182138e-05
4.8733760195318609e-05
-6.4086008933372796e-05
5.4214295232668519e-05
-8.9364541054237634e-05
2.9312954211491160e-05
-8.4000035712961107e-05
6.5559026552364230e-05
-7.8533666965086013e-05
4.0862170862965286e-05
-7.2987939347513020e-05
7.7271346526686102e-05
-6.7382687120698392e-05
5.2694082114612684e-05
-3.1222680263454095e-05
8.9176508481614292e-05
-8.6603584350086749e-05
6.4626336097717285e-05
-1.9924038497265428e-05
7.0572554250247777e-05
-4.4830263504991308e-05
1.0699141421355307e-04
-8.7585967776249163e-06
8.2305443356744945e-05
-3.3805197745095938e-05
8.8045482698362321e-05
-2.8439248126232997e-05
6.3150342612061650e-05
-5.3719519200967625e-05
1.2966738722752780e-04
-1.8118047591997311e-05
1.0446711530676112e-04
1.7306765585090034e-05
1.4011446910444647e-04
-3.9021302654873580e-05
1.1451624595792964e-04
-6.5052343416027725e-05
1.4972170174587518e-04
-3.0293456802610308e-05
1.5415497182402760e-04
-2.6316984076402150e-05
1.5831302152946591e-04
3.8408252294175327e-05
1.9269359472673386e-04
1.1277483281446621e-05
1.3520737411454320e-04
4.4856420572614297e-05
1.6894172586034983e-04
-1.3458936336974148e-05
1.4129152987152338e-04
-1.1097024980699643e-05
1.4379380445461720e-04
2.1410673070931807e-05
1.1539860133780167e-04
-7.5058387665194459e-06
1.1712833656929433e-04
-6.3035240600584075e-06
1.4896973152644932e-04
-5.5143709687399678e-06
1.4987964823376387e-04
2.5375444238306955e-05
1.5036384866107255e-04
2.5317691324744374e-05
1.5041838923934847e-04
2.4825490982038900e-05
1.5003547014202923e-04
2.3892673198133707e-05
1.7972836212720722e-04
-7.9999799709185027e-06
1.7846103582996875e-04
2.0698931621154770e-05
1.4623285096604377e-04
1.8436343452776782e-05
1.4408008428290486e-04
1.5733206964796409e-05
1.1097083188360557e-04
4.3109124817419797e-05
1.6898094327189028e-04
9.0196190285496414e-06
1.6552829765714705e-04
5.0238650146638975e-06
1.9217528461012989e-04
3.1131465220823884e-05
1.5737849753350019e-04
-3.4715572837740183e-05
1.2218595657031983e-04
-3.9916380046634004e-05
8.6611871665809304e-05
1.5542575056315400e-05
1.1170704965479672e-04
-2.0908879378112033e-05
1.3645424041897058e-04
3.3351384445268195e-06
1.3035340816713870e-04
-3.3776323107304052e-05
9.3427363026421517e-05
-4.0667171560926363e-05
8.6732012277934700e-05
-4.7833989810897037e-05
1.1029204324586317e-04
-5.5251101002795622e-05
4.2060473788296804e-05
-3.2376952731283382e-05
6.5170774178113788e-05
-4.0217822970589623e-05
8.8097396655939519e-05
-1.0926253889920190e-04
4.9834106903290376e-05
-5.6380336900474504e-05
7.2480281232856214e-05
-9.5159739430528134e-05
6.4514722907915711e-05
-1.0350190859753639e-04
5.6484735978301615e-05
-1.4240918972063810e-04
4.8424320993945003e-05
-1.2029567733407021e-04
9.8479376902105287e-06
-9.8165553936269134e-05
3.2340245525119826e-05
-1.3701984426006675e-04
2.4384144126088358e-05
-1.7578824190422893e-04
-1.3987999409437180e-05
-1.8392410129308701e-04
-5.2225310355424881e-05
-1.6138939827214926e-04
-2.9258662834763527e-05
-1.3866841618437320e-04
-3.6607605579774827e-05
-1.7676598508842289e-04
-4.3721942347474396e-05
-1.5357468510046601e-04
-2.0050398234161548e-05
-2.2165531117934734e-04
3.9204451240948401e-06
-1.9786931807175279e-04
-9.3849404947832227e-05
-2.3477280046790838e-04
-6.9188296038191766e-05
-1.7974853108171374e-04
-7.4655428761616349e-05
-2.4639151524752378e-04
-7.9704965173732489e-05
-2.8208628646098077e-04
-8.4311141108628362e-05
-2.5628966977819800e-04
-1.1896579235326499e-04
-2.6053082547150552e-04
-1.2261133815627545e-04
-2.6426848489791155e-04
-6.4706160628702492e-05
-2.6748212985694408e-04
-9.7819654911290854e-05
-2.7015211526304483e-04
-9.9862620118074119e-05
-2.7226132806390524e-04
-1.3185542775318027e-04
-2.4327734718099236e-04
-1.3274773664306849e-04
-2.4422214482910931e-04
-1.0252701758872718e-04
-2.1405007282737643e-04
-7.1702772402204573e-05
-2.7482316363602877e-04
-1.0130143346032128e-04
-2.4342746473848820e-04
-9.9764809419866651e-05
-2.4193301214836538e-04
-9.7610063676256686e-05
-2.7033616788685322e-04
-6.4318199292756617e-05
-2.3708553635515273e-04
-6.0926555306650698e-05
-2.3373818839900196e-04
-8.7440865172538906e-05
-2.2978305059950799e-04
-1.1335050658090040e-04
-2.5574635947123170e-04
-4.7113619075389579e-05
-2.2008542146068066e-04
-4.1329385567223653e-05
-2.1436809038277715e-04
-3.4979671909241006e-05
-2.0809331908822060e-04
2.4370870050915983e-06
-2.6231404626742005e-04
-2.0652551029343158e-05
-2.5498558534309268e-04
-1.2718690413748845e-05
-1.8612446729093790e-04
-3.4821568988263607e-05
-2.0835027680732310e-04
-5.6470835261279717e-05
-1.9961822545155883e-04
-1.6660749679431319e-05
-1.5996124420780689e-04
2.3543896531919017e-05
-1.5044494648464024e-04
-2.7446272724773735e-05
-1.1007006105501205e-04
1.3439101167023182e-05
-1.6094351303763688e-04
-6.4233399825752713e-06
-1.8103138427250087e-04
6.5514490415807813e-05
-1.7037606448866427e-04
7.6622280175797641e-05
-1.2901662557851523e-04
8.7895750766620040e-05
-1.1803373490693048e-04
6.8772336817346513e-05
-7.6431933848652989e-05
4.9726611905498430e-05
-6.5294123487547040e-05
9.1746143880300224e-05
-8.4665560279972851e-05
7.2716873546596617e-05
-4.3040759919676930e-05
1.1466229625511914e-04
-6.2533559685107321e-05
1.2598096509464085e-04
-2.1126079445821233e-05
1.0662675049388781e-04
-4.0931998228188604e-05
1.4810489665251225e-04
3.0588224035454914e-05
1.8933232058770955e-04
1.0281955837854184e-05
1.9974561291746795e-04
-1.0345862392568961e-05
2.0981485431548208e-04
2.9696760975639336e-05
2.1949503570795059e-04
8.2908136391779408e-06
2.2874145361129194e-04
4.7466062824241817e-05
2.3751119442749768e-04
8.6140753410290927e-05
2.4575970019213855e-04
3.2721844036132097e-05
2.5344843743368983e-04
7.0275411417242140e-05
2.3001895169727504e-04
4.6175922761904076e-05
2.9750628164038062e-04
8.2455677329562604e-05
2.7276741457171738e-04
8.7528482254128903e-05
2.7783957193605602e-04
6.1367463786154985e-05
2.8217761428095400e-04
9.5477764261886477e-05
2.8574882890097797e-04
6.7786466388497502e-05
2.8853138792328537e-04
1.0032379213953391e-04
3.2101690885610878e-04
7.1002912591211498e-05
2.9163615545257926e-04
1.0187726002186537e-04
2.9192186775617301e-04
1.3189240416977555e-04
2.6082649128511548e-04
1.3052119174972177e-04
2.5937537429854274e-04
9.7755044407676905e-05
2.5704246945679188e-04
1.2514063564594835e-04
2.5382524472661316e-04
9.0604684373829514e-05
2.4972175015136600e-04
8.5703773947898299e-05
2.7525523910298944e-04
7.9922472650650889e-05
2.3887831775937229e-04
4.2755127651616931e-05
2.6267164503224194e-04
6.5764485043473542e-05
2.2457983868662268e-04
5.7412806199863553e-05
2.4668904370628297e-04
4.8239544412354007e-05
2.3746970691718161e-04
3.8265978218987584e-05
2.5798083515837789e-04
5.8036228438140824e-05
2.4721503723412752e-04
1.6026308003347367e-05
2.0520316320471466e-04
3.4342829167144373e-05
1.9301705469843000e-04
-9.0502071543596685e-06
1.4965828449930996e-04
-5.3078310884302482e-05
1.6672122001182288e-04
-6.7180546466261148e-05
9.1660585894715041e-05
-5.1311642891960219e-05
1.6866718942765146e-04
-3.5940276575274765e-05
1.2312993931118399e-04
-5.1534294470911846e-05
1.0768921492854133e-04
-6.7519591539166868e-05
1.2239988427609205e-04
-1.4488029410131276e-04
7.5767347880173475e-05
-1.3096617476549000e-04
5.9402620536275208e-05
-1.4778928016312420e-04
4.2848503653658554e-05
-1.3425396173261106e-04
-4.3515938159544021e-06
-1.8184729560744017e-04
3.9937542169354856e-05
-1.9895688456017524e-04
-7.3240657911810558e-06
-2.1603242203127593e-04
-5.4519481636816636e-05
-2.0249043882358819e-04
-7.1065769589040428e-05
-2.4981726892292500e-04
-5.6893244618549943e-05
-2.3587603936903179e-04
-7.2973074566107243e-05
-2.8266970184631646e-04
-8.8720807980280370e-05
-3.2909822766669095e-04
-1.0406989167677239e-04
-3.4457916626706719e-04
-1.1895471834577620e-04
-3.5956106148660183e-04
-1.6382941976189613e-04
-3.4346687607467175e-04
-8.6042186012491584e-05
-3.8778566522523761e-04
-1.6019024769775569e-04
-3.3986647031269968e-04
-1.7258922162000090e-04
-3.5224095336161554e-04
-1.8421759887132794e-04
-4.5536804827861488e-04
-1.6450107796117663e-04
-4.0505419019609690e-04
-2.3545860312879086e-04
-4.1486968984827399e-04
-1.8341524992138147e-04
-4.2373227188363671e-04
-2.2194605844561011e-04
-4.6210858272388577e-04
-1.9842163601424545e-04
-3.7737414822913706e-04
-2.3486967256758362e-04
-3.8311089156195521e-04
-2.0918283553328365e-04
-4.1824925574474037e-04
-2.4339993251487613e-04
-4.2172119719907641e-04
-2.1541969908867031e-04
-4.8505471204407513e-04
-2.4728869902901351e-04
-3.9460355765186250e-04
-2.1691551955882460e-04
-4.2500570998527110e-04
-2.1583838679362088e-04
-4.5417886576615274e-04
-2.4404391297139227e-04
-4.2107899207621813e-04
-2.0997395040467381e-04
-4.4777159928344190e-04
-2.3569703625980765e-04
-4.1218838305212557e-04
-1.9914566655643284e-04
-4.3640346848405898e-04
-2.2239744430407882e-04
-4.2887532617896795e-04
-1.8339756934437901e-04
-4.2013902566395700e-04
-2.0423205569386482e-04
-3.7969267577864230e-04
-1.6285301535390317e-04
-3.6860097316093743e-04
-1.5084359620232135e-04
-3.8689351640641689e-04
-1.3771830708719790e-04
-3.4305153531022370e-04
-1.2351603072602302e-04
-3.2867200206965208e-04
-1.3879404286853969e-04
-3.7431326927617192e-04
-1.2256740592420101e-04
-2.9692132375203073e-04
-1.0540449147811159e-04
-3.1017485889606178e-04
-8.7361622718162835e-05
-2.9205650207586586e-04
-6.8497909524012357e-05
-2.7315202169120312e-04
-4.8879741370910779e-05
-2.5352567899972200e-04
-5.9093828895129263e-05
-1.7221340385731310e-04
2.2859680029796436e-05
-1.8187522073276341e-04
-1.6718251572456211e-05
-2.2155526676215231e-04
5.1993847591802478e-06
-1.3874477008357644e-04
8.8529908680357039e-05
-1.1663226905511692e-04
8.0603211245033890e-05
-1.2478590360842645e-04
7.2883180109784007e-05
-1.0225633741356432e-04
9.5801020506769419e-05
-4.9135407607536763e-05
1.7978268442675471e-04
3.9688843571639154e-06
2.0266702631488442e-04
-4.0678987716091797e-06
1.9487825920805335e-04
4.8728259571362287e-05
2.4787717848084867e-04
7.0711401349399239e-05
3.0053392401896417e-04
9.2308095190674067e-05
3.2223830930888653e-04
8.2904633018188179e-05
3.4341504215262830e-04
7.2928720328491181e-05
3.3345338306389749e-04
1.2332205369602889e-04
3.5329750971868634e-04
1.4244318299461156e-04
3.4182434319518507e-04
1.6071849677246064e-04
3.5997980739921331e-04
1.7806459800340235e-04
4.0767958853393793e-04
2.2491262643598020e-04
4.2380497325211763e-04
2.0963136921636760e-04
4.0827936027199030e-04
2.2369102225638926e-04
4.5257573947310448e-04
2.3650568618904799e-04
4.3455345439724624e-04
2.4800104438327253e-04
4.4569582678377628e-04
2.2759562125429511e-04
4.8594028339721262e-04
2.6677915593609214e-04
4.6367355389520526e-04
2.4342381220776588e-04
4.3987602111883461e-04
2.4903161101974547e-04
4.4501796946860850e-04
2.5304025621153414e-04
4.7905460814945400e-04
2.5540590286254883e-04
4.8091457574628294e-04
2.2557828924618661e-04
4.8108262126334012e-04
2.2456330771092325e-04
4.7953287139534950e-04
2.5234062923118472e-04
4.7624704893678427e-04
2.4785657296888530e-04
4.7121365787461400e-04
2.4162115005310625e-04
4.6442530583590269e-04
2.3363200307358056e-04
4.8640105524100363e-04
2.5441162870265543e-04
4.7611442278139293e-04
2.1241577633190900e-04
4.9461476737633348e-04
2.6025497936643660e-04
4.8088922630995512e-04
2.1484780882019550e-04
4.3496579746715724e-04
1.9829369557555765e-04
3.8739977753721178e-04
2.1063780877739191e-04
3.9926852332428098e-04
1.2985266221221536e-04
3.7906767101958394e-04
1.0857945017050952e-04
3.5737291909754276e-04
1.4688014925923198e-04
3.6476433160714805e-04
6.1711471062153578e-05
3.0976138077676296e-04
9.7290248959325254e-05
3.1450620735995471e-04
7.0589783717878163e-05
2.8753114747814834e-04
-1.8302553144167177e-05
2.2892186825629324e-04
-1.6712156138964929e-05
1.9981154764536768e-04
-4.6612818550784141e-05
2.0029392908327281e-04
-4.6864177420502529e-05
1.0840577306225896e-04
-1.3943607336841524e-04
1.0735599062172696e-04
-1.4110608026385307e-04
4.4677974074147642e-05
-2.3486680584028363e-04
4.2553496314212680e-05
-2.6801397325471044e-04
-2.0967219825251959e-05
-3.0145933851599693e-04
6.8280114646768197e-06
-3.3507778425700963e-04
-5.7040990213863552e-05
-3.3822670229710639e-04
-9.0375935542397201e-05
-3.7180946674197912e-04
-1.5408018953166902e-04
-4.0518050082027912e-04
-1.8698979692999274e-04
-4.0768715552985668e-04
-2.1948966605123132e-04
-4.4023766531608999e-04
-2.2093008738011122e-04
-4.7217705287039280e-04
-2.8273195493966341e-04
-5.0337612628936768e-04
-2.8269333415664732e-04
-5.6422216584905982e-04
-3.1223788391798735e-04
-5.6303542805835605e-04
-2.7968519134446979e-04
-5.9123843675479293e-04
-3.6801470560021698e-04
-6.1819294933229685e-04
-3.3296455512754619e-04
-6.1325507704168558e-04
-3.5751934046857059e-04
-6.0683151241391897e-04
-4.1104719275608659e-04
-6.5984169486910105e-04
-4.6292020124383271e-04
-6.8062363425269723e-04
-4.5199634041637182e-04
-6.6907505970448256e-04
-5.0024635856971145e-04
-7.1665161522105336e-04
-4.8550454084761441e-04
-7.6222559437155724e-04
-5.2975444123148918e-04
-7.4467831291258335e-04
-4.8032577615231276e-04
-7.8600103734061122e-04
-5.2024918841198087e-04
-7.6405442086979747e-04
-5.2738940576091409e-04
-8.0084480578079820e-04
-5.0168717280030251e-04
-7.4372976087033749e-04
-5.6516297627240419e-04
-8.3680485840886831e-04
-5.6518556084483862e-04
-7.7485840301960707e-04
-5.3224188741296530e-04
-7.7148270793259144e-04
-4.9682438839226961e-04
-7.6562410686165094e-04
-5.1995628746226430e-04
-7.5727351941168308e-04
-4.7955961781553924e-04
-7.7694974606856704e-04
-5.2822817815467715e-04
-7.6362566323950887e-04
-4.2183868936263025e-04
-7.4784131720662117e-04
-4.9610686255618930e-04
-6.9910660386085510e-04
-4.4589393655769527e-04
-7.0901733124628663e-04
-4.2383110849186778e-04
-6.8606872810050845e-04
-4.6049267984926701e-04
-6.6083762794733047e-04
-3.7283703568391502e-04
-6.0287775704637170e-04
-3.4404458710923791e-04
-5.7330488925799727e-04
-3.4368212800472975e-04
-5.4168974747881293e-04
-3.4132832661271095e-04
-5.6916545145213604e-04
-2.4553094408474863e-04
-5.0325237680226564e-04
-1.7847349226940423e-04
-4.6613853191956878e-04
-1.7079523240681738e-04
-3.3587889629416168e-04
-1.0055566235678270e-04
-3.5674535320140421e-04
-8.9960485638584942e-05
-3.1525988015346229e-04
-4.7605364670744166e-05
-2.7260329807177186e-04
5.6877583119785413e-05
-2.2893362620379776e-04
7.0740235969424248e-05
-1.8441106658428907e-04
1.1588829511310905e-04
-1.0868781828321517e-04
1.6163379768840969e-04
-9.3488539278041571e-05
2.0779950136784464e-04
-1.6921690985327587e-05
2.5420502061024308e-04
2.9277660360094160e-05
3.0066774343140423e-04
4.4922198867425323e-05
3.4699880052357912e-04
1.2137968587921932e-04
4.2352749733254313e-04
1.6690239135641605e-04
4.3850747169926763e-04
2.1181793999858201e-04
4.8330071149393916e-04
2.8645043494179845e-04
5.2719388622790575e-04
3.2957043731585145e-04
5.6999613298103213e-04
3.4098606556653976e-04
5.8099732268601656e-04
3.5102377296425402e-04
6.2104454264044762e-04
3.2898134668357670e-04
6.5942812943831086e-04
4.2725255480036139e-04
7.2648603236302733e-04
4.9307424342259765e-04
7.6100026490166783e-04
4.9574841978028417e-04
7.6279905624687672e-04
5.2665668772533536e-04
7.9274480231106281e-04
5.5511534446850419e-04
8.5067684995010495e-04
6.1147997621446848e-04
8.4488553693518043e-04
6.3456647330895066e-04
8.9729356113821268e-04
6.5474660368636250e-04
9.1620709281414747e-04
6.7188532557338476e-04
9.0149650350213051e-04
6.8585650296881795e-04
9.4459444517269731e-04
6.9654639810323715e-04
1.0453894501551986e-03
7.3436531238257885e-04
9.5964228967204690e-04
7.6870224438607693e-04
9.9243992008268833e-04
7.9947715857997537e-04
1.0216368827968836e-03
7.3506735498085618e-04
1.0166533757001162e-03
7.2800013003870845e-04
1.0079542407765985e-03
7.1720342384651303e-04
9.9550536833703518e-04
7.3316082125529647e-04
1.0097998892888427e-03
7.4533949373289943e-04
9.5927697839215398e-04
6.9270213134586811e-04
9.6601108089089394e-04
6.6681322641670704e-04
9.6898904303088784e-04
6.9822079967707396e-04
8.7669061031192541e-04
6.0385774122551084e-04
8.4175536176189780e-04
5.9740641154348850e-04
7.7269313624128699e-04
4.9583573127165437e-04
7.3061999864876270e-04
4.5181522727943957e-04
7.1562925586476922e-04
4.0441431337967515e-04
6.3627713825553656e-04
3.5374891012907028e-04
5.8424123562872410e-04
2.9995001386851072e-04
5.5965740466490388e-04
2.4316247436217964e-04
5.0164503045380116e-04
1.8354486383032054e-04
4.1036604670807719e-04
1.2126826186431572e-04
3.7755767698399723e-04
5.6522523664170876e-05
3.1185580883175135e-04
2.0021027012262493e-05
2.1346556604839861e-04
-1.1009722948074341e-04
2.0467353169806302e-04
-1.5050273214001209e-04
1.3311930524650961e-04
-2.2303339210338891e-04
-9.5842153768899152e-07
-2.6641096337698400e-04
-1.4206005289452150e-05
-3.7193536991253495e-04
-8.9471839601173997e-05
-3.8675623363815248e-04
-1.6545644029974937e-04
-4.9371039494872093e-04
-2.7240184135735035e-04
-5.3993333131074905e-04
-3.4899418824352324e-04
-6.4721290254965425e-04
-3.9495050441473722e-04
-6.9319311296567321e-04
-4.7101225936785340e-04
-8.3016610005870461e-04
-5.4637115681543946e-04
-8.4421649808064103e-04
-6.2072958098724484e-04
-9.4866834115236998e-04
-6.9379119668155909e-04
-9.6012221183627844e-04
-7.3473801603540778e-04
-1.0613795602694154e-03
-7.7379122376441956e-04
-1.1300768237560987e-03
-8.4117281949147582e-04
-1.1659192387014627e-03
-9.3658885452896357e-04
-1.2296476634219289e-03
-9.9871587008237839e-04
-1.2904615141451359e-03
-1.0272689396515489e-03
-1.3175609055906534e-03
-1.1135241948068142e-03
-1.3717073015868664e-03
-1.1351405410096049e-03
-1.4221173478290439e-03
-1.1834113392978907e-03
-1.4685338828712702e-03
-1.2580816401168704e-03
-1.5412282664328814e-03
-1.2673595920205116e-03
-1.5789306489750743e-03
-1.3025713851675391e-03
-1.5814183279871941e-03
-1.3329810462892056e-03
-1.6400372842326760e-03
-1.3583862455561757e-03
-1.6630383906885982e-03
-1.4091202756389976e-03
-1.7112764762714505e-03
-1.4545029262080789e-03
-1.6930440906435251e-03
-1.4638447901234031e-03
-1.7607808113098145e-03
-1.5285777626559138e-03
-1.7617730190977454e-03
-1.4654768165200949e-03
-1.7569483024999499e-03
-1.4880709350109100e-03
-1.7462224932387471e-03
-1.4436930650845170e-03
-1.7295295838266611e-03
-1.4238430885598063e-03
-1.6763085732236505e-03
-1.3979701325297356e-03
-1.6170556191354990e-03
-1.3355462579056621e-03
-1.6128041315823793e-03
-1.2976194266229868e-03
-1.4804779784753919e-03
-1.1926728766411543e-03
-1.4032267499715090e-03
-1.1428355937823653e-03
-1.3506039977073669e-03
-1.0566398268565536e-03
-1.2616730527952313e-03
-9.6471019787713885e-04
-1.1365528916940093e-03
-8.0614618491381407e-04
-1.0669416515156627e-03
-7.6420808909460902e-04
-9.9197262898087502e-04
-6.8649131571874022e-04
-8.8132178643718362e-04
-5.7320238556712866e-04
-7.9624739009886980e-04
-4.5508763287216425e-04
-7.0646929088979959e-04
-3.6292028380557895e-04
-5.5122043704614043e-04
-2.6646064361557364e-04
-5.1389628788456321e-04
-1.0497565381228924e-04
-3.5066914279013872e-04
-3.1377559935208410e-05
-2.7549761580303311e-04
7.6056057878304273e-05
-2.2770398936700076e-04
6.4372659835498780e-05
-8.5598243458662182e-05
2.6887407875619829e-04
-3.2682946766726673e-05
2.9242207529023290e-04
8.3210310549475253e-05
4.0924697532318532e-04
1.7009170551318675e-04
4.9683410907164216e-04
2.8854043921455741e-04
6.1575352447107434e-04
3.4653264447115362e-04
7.0449104532599449e-04
5.5720622185617685e-04
8.8462373241782188e-04
6.4539816230535507e-04
1.0335700353607535e-03
7.6318689389154315e-04
1.0592647595331073e-03
9.4056176021695137e-04
1.2358278036117554e-03
1.0854349238798022e-03
1.3796169077977538e-03
1.1667456710711122e-03
1.5206020325422287e-03
1.3365285703912377e-03
1.6582292737439275e-03
1.4721595216542482e-03
1.8224554369226098e-03
1.5730746090412140e-03
1.8906487384811044e-03
1.7607829067856073e-03
2.0453522447496653e-03
1.8516137497499585e-03
2.1639298647642136e-03
1.9670762121677399e-03
2.2763398010283709e-03
2.0760924089699984e-03
2.3820218630135059e-03
2.1475895773619413e-03
2.4804268032312393e-03
2.2725691087543964e-03
2.5404889602214098e-03
2.3589401971548796e-03
2.6227077469229698e-03
2.4366881698369980e-03
2.6960393879562616e-03
2.4747746065258980e-03
2.7904924936592579e-03
2.5032116100192070e-03
2.7834912762045860e-03
2.4909914936870337e-03
2.7661090716719627e-03
2.4986735079437494e-03
2.8599500656127930e-03
2.5563205126672983e-03
2.8204296249896288e-03
2.5719436816871166e-03
2.8607447165995836e-03
2.5756482500582933e-03
2.8279041871428490e-03
2.5670418981462717e-03
2.8130840510129929e-03
2.5152429006993771e-03
2.7548973448574543e-03
2.4504312314093113e-03
2.6835363823920488e-03
2.3417768534272909e-03
2.6292221155017614e-03
2.2500345949083567e-03
2.5001380126923323e-03
2.1444337908178568e-03
2.3875988554209471e-03
2.0857958588749170e-03
2.2303669247776270e-03
1.8603097414597869e-03
2.0893123000860214e-03
1.7119632102549076e-03
1.9337825942784548e-03
1.6101211076602340e-03
1.7331570852547884e-03
1.3716055545955896e-03
1.6094517195597291e-03
1.2405072338879108e-03
1.4405677793547511e-03
1.0947514092549682e-03
1.2265176046639681e-03
8.1230065552517772e-04
1.0283903684467077e-03
6.0685031348839402e-04
7.5472565367817879e-04
3.8695934927091002e-04
5.5824074661359191e-04
2.1381206170190126e-04
3.7806981708854437e-04
-3.4471726394258440e-05
1.5338894445449114e-04
-2.0507363660726696e-04
6.5182002799701877e-06
-3.8927671266719699e-04
-1.5380604600068182e-04
-5.5625505046918988e-04
-3.5777248558588326e-04
-7.0565915666520596e-04
-5.1345967222005129e-04
-9.2865276383236051e-04
-6.8149430444464087e-04
-1.0417074663564563e-03
-8.9195423061028123e-04
-1.2274624314159155e-03
-1.0833146516233683e-03
-1.4854163164272904e-03
-1.3466147938743234e-03
-1.7539992695674300e-03
-1.6507776454091072e-03
-2.0631537772715092e-03
-1.9646985456347466e-03
-2.3817566689103842e-03
-2.2572374437004328e-03
-2.7091691736131907e-03
-2.6192895602434874e-03
-3.0752366874366999e-03
-3.0196523293852806e-03
-3.5097757354378700e-03
-3.4270908217877150e-03
-3.8899867795407772e-03
-3.8713805843144655e-03
-4.3676979839801788e-03
-4.3212319724261761e-03
-4.8810956068336964e-03
-4.8674056306481361e-03
-5.4293721914291382e-03
-5.4785660468041897e-03
-6.0422169044613838e-03
-6.0318070463836193e-03
-6.6272318363189697e-03
-6.6483393311500549e-03
-7.1835503913462162e-03
-7.1136718615889549e-03
-7.6797776855528355e-03
-7.6100197620689869e-03
-8.0539844930171967e-03
-7.9838996753096581e-03
-8.4273368120193481e-03
-8.2954382523894310e-03
-8.5853002965450287e-03
-8.3911269903182983e-03
-8.6795426905155182e-03
-8.4226354956626892e-03
-8.6175911128520966e-03
-8.2974918186664581e-03
-8.5511077195405960e-03
-8.0758025869727135e-03
-8.2045141607522964e-03
-7.8482031822204590e-03
-7.9736169427633286e-03
-7.5527410954236984e-03
-7.5523289851844311e-03
-7.0664361119270325e-03
-7.0923357270658016e-03
-6.5104584209620953e-03
-6.5011889673769474e-03
-5.8534089475870132e-03
-5.7169753126800060e-03
-5.0944117829203606e-03
-4.9524530768394470e-03
-4.2326124384999275e-03
-4.0541905909776688e-03
-3.3587289508432150e-03
-3.0213634017854929e-03
-2.0141864661127329e-03
-2.0362760405987501e-03
-1.1137198889628053e-03
-1.1591856600716710e-03
-3.2087691943161190e-04
-4.1986262658610940e-04
3.0404137214645743e-04
6.0338097682688385e-05
6.7018414847552776e-04
3.7366041215136647e-04
9.0029416605830193e-04
5.2075367420911789e-04
9.9500513169914484e-04
5.6327198399230838e-04
1.1075052898377180e-03
7.4593455065041780e-04
1.3909386470913887e-03
1.1303158244118094e-03
2.0289346575737000e-03
2.0220943260937929e-03
3.0524877365678549e-03
3.3301752991974354e-03
4.6451427042484283e-03
5.2075558342039585e-03
6.8378043361008167e-03
7.6546063646674156e-03
9.3866763636469841e-03
1.0335958562791348e-02
1.2200511060655117e-02
1.3129818253219128e-02
1.4943869784474373e-02
1.5761753544211388e-02
1.7342291772365570e-02
1.7926774919033051e-02
1.9121279940009117e-02
1.9289316609501839e-02
2.0097836852073669e-02
5.2097856998443604e-01
2.0088912919163704e-02
1.9271552562713623e-02
1.9155547022819519e-02
1.7891261726617813e-02
1.7328225076198578e-02
1.5769559890031815e-02
1.4942547306418419e-02
1.3150474056601524e-02
1.2181469239294529e-02
1.0308497585356236e-02
9.3805100768804550e-03
7.5791100971400738e-03
6.8140844814479351e-03
5.2061961032450199e-03
4.6650180593132973e-03
3.2504794653505087e-03
3.0550425872206688e-03
1.9862649496644735e-03
1.9532737787812948e-03
1.1690178653225303e-03
1.3898044126108289e-03
7.3725724359974265e-04
1.0895140003412962e-03
5.3791055688634515e-04
9.6034159651026130e-04
4.4838391477242112e-04
8.7967573199421167e-04
3.1552067957818508e-04
6.3330424018204212e-04
1.6649930330459028e-05
2.5112734874710441e-04
-4.4886878458783031e-04
-3.5906728589907289e-04
-1.1427421122789383e-03
-1.1369365965947509e-03
-2.0656813867390156e-03
-2.0526829175651073e-03
-2.9742778278887272e-03
-3.0460176058113575e-03
-3.9608497172594070e-03
-3.9651365950703621e-03
-4.8736012540757656e-03
-4.8108389601111412e-03
-5.6828260421752930e-03
-5.5839507840573788e-03
-6.3588451594114304e-03
-6.2242811545729637e-03
-6.9635473191738129e-03
-6.7632142454385757e-03
-7.4367662891745567e-03
-7.2321430779993534e-03
-7.8709451481699944e-03
-7.5404071249067783e-03
-8.1449057906866074e-03
-7.8414985910058022e-03
-8.3816293627023697e-03
-8.0447718501091003e-03
-8.5209896788001060e-03
-8.1511447206139565e-03
-8.5944253951311111e-03
-8.1310197710990906e-03
-8.5418177768588066e-03
-7.9547949135303497e-03
-8.3640897646546364e-03
-7.7454573474824429e-03
-8.0316346138715744e-03
-7.3513351380825043e-03
-7.6063992455601692e-03
-6.8954071030020714e-03
-7.0892879739403725e-03
-6.3480478711426258e-03
-6.5117068588733673e-03
-5.7711834087967873e-03
-5.9355739504098892e-03
-5.2267177961766720e-03
-5.3617516532540321e-03
-4.6544745564460754e-03
-4.8216073773801327e-03
-4.1468446142971516e-03
-4.3159695342183113e-03
-3.6436130758374929e-03
-3.8761636242270470e-03
-3.1760921701788902e-03
-3.3809037413448095e-03
-2.7450562920421362e-03
-3.0445747543126345e-03
-2.4122872855514288e-03
-2.6542874984443188e-03
-2.0259188022464514e-03
-2.3328179959207773e-03
-1.7087113810703158e-03
-1.9892905838787556e-03
-1.4002927346155047e-03
-1.6853861743584275e-03
-1.1012906907126307e-03
-1.4522322453558445e-03
-8.7333435658365488e-04
-1.2293771142140031e-03
-6.8647391162812710e-04
-1.0173632763326168e-03
-5.1071139751002192e-04
-8.4721547318622470e-04
-3.4654367482289672e-04
-6.8889034446328878e-04
-1.6390271775890142e-04
-5.7333818404003978e-04
-2.4240564016508870e-05
-3.7888568476773798e-04
1.6361882444471121e-04
-2.2796231496613473e-04
3.6881922278553247e-04
3.1701983971288428e-05
5.3002696949988604e-04
1.8620509945321828e-04
7.6905224705114961e-04
3.5737844882532954e-04
9.6360436873510480e-04
6.6708977101370692e-04
1.1745382798835635e-03
8.7103841360658407e-04
1.3711963547393680e-03
1.0606570867821574e-03
1.5839941333979368e-03
1.2358620297163725e-03
1.7823486123234034e-03
1.4271278632804751e-03
1.9662363920360804e-03
1.5428949845954776e-03
2.1356770303100348e-03
1.7968263709917665e-03
2.2601932287216187e-03
1.9143191166222095e-03
2.4314322508871555e-03
2.0480779930949211e-03
2.5579652283340693e-03
2.1677203476428986e-03
2.6704631745815277e-03
2.3039432708173990e-03
2.7691198047250509e-03
2.3959151003509760e-03
2.9151949565857649e-03
2.4743955582380295e-03
2.8953212313354015e-03
2.5396544951945543e-03
2.9844413511455059e-03
2.5614781770855188e-03
2.9692486859858036e-03
2.6012253947556019e-03
3.0331891030073166e-03
2.5677015073597431e-03
3.0240432824939489e-03
2.5528396945446730e-03
3.0642757192254066e-03
2.5265275035053492e-03
2.9711953829973936e-03
2.4891886860132217e-03
2.9283459298312664e-03
2.5023075286298990e-03
2.9361820779740810e-03
2.4747967254370451e-03
2.8731059283018112e-03
2.3766215890645981e-03
2.8311673086136580e-03
2.3913872428238392e-03
2.7803513221442699e-03
2.2754631936550140e-03
2.6906565763056278e-03
2.2124806419014931e-03
2.5931324344128370e-03
2.0809010602533817e-03
2.4883178994059563e-03
1.9728227052837610e-03
2.3462395183742046e-03
1.8887937767431140e-03
2.2590041626244783e-03
1.7683338373899460e-03
2.1050965879112482e-03
1.5814816579222679e-03
1.9766287878155708e-03
1.4508682070299983e-03
1.8741587409749627e-03
1.3770509976893663e-03
1.7372102010995150e-03
1.2079989537596703e-03
1.5968553489074111e-03
1.0968541027978063e-03
1.4536463422700763e-03
9.8312844056636095e-04
1.3386445352807641e-03
8.0632872413843870e-04
1.1913493508473039e-03
6.8905804073438048e-04
1.0428141104057431e-03
5.0977140199393034e-04
9.8510226234793663e-04
4.5208242954686284e-04
8.0510042607784271e-04
3.3338798675686121e-04
7.1692478377372026e-04
2.1521010785363615e-04
5.9898232575505972e-04
1.2853565567638725e-04
5.4329057456925511e-04
4.3301915866322815e-05
4.2822305113077164e-04
-1.0108882270287722e-04
3.1524506630375981e-04
-1.2110955140087754e-04
2.3528306337539107e-04
-1.9946871907450259e-04
1.5821139095351100e-04
-2.7475052047520876e-04
8.4396902821026742e-05
-4.3814827222377062e-04
-4.6846111217746511e-05
-5.3673691581934690e-04
-1.4363852096721530e-04
-5.7020160602405667e-04
-2.3619440617039800e-04
-7.5187283800914884e-04
-3.8526914431713521e-04
-8.0682476982474327e-04
-4.0749786421656609e-04
-9.1791671002283692e-04
-5.4679164895787835e-04
-1.0238919639959931e-03
-6.1983393970876932e-04
-1.1245540808886290e-03
-7.4850977398455143e-04
-1.2197311734780669e-03
-8.4110663738101721e-04
-1.2787571176886559e-03
-8.9748809114098549e-04
-1.3625426217913628e-03
-1.0090968571603298e-03
-1.4099526451900601e-03
-1.0537733323872089e-03
-1.5429838094860315e-03
-1.0924895759671926e-03
-1.6089978162199259e-03
-1.1862431420013309e-03
-1.6384801128879189e-03
-1.2129449751228094e-03
-1.6619464149698615e-03
-1.2641558423638344e-03
-1.6794144175946712e-03
-1.2788698077201843e-03
-1.6909248661249876e-03
-1.2571357656270266e-03
-1.6965370159596205e-03
-1.2600641930475831e-03
-1.6963357338681817e-03
-1.2572280829772353e-03
-1.6293872613459826e-03
-1.2487435014918447e-03
-1.6178810037672520e-03
-1.2042106827721000e-03
-1.6009323298931122e-03
-1.1848319554701447e-03
-1.5786892035976052e-03
-1.1602487647905946e-03
-1.5818479005247355e-03
-1.1306431842967868e-03
-1.5190459089353681e-03
-1.0656957747414708e-03
-1.4820423675701022e-03
-1.0266583412885666e-03
-1.4405371621251106e-03
-1.0137531207874417e-03
-1.3947647530585527e-03
-9.3566509895026684e-04
-1.2839328264817595e-03
-8.8419811800122261e-04
-1.2608813121914864e-03
-8.2909170305356383e-04
-1.1732900748029351e-03
-7.7061471529304981e-04
-1.1434960179030895e-03
-7.3955929838120937e-04
-1.0802306933328509e-03
-6.4465601462870836e-04
-1.0142918908968568e-03
-6.0826150001958013e-04
-1.0070051066577435e-03
-5.6963210226967931e-04
-9.6711312653496861e-04
-5.2906316705048084e-04
-8.6439051665365696e-04
-4.2581415618769825e-04
-7.9069280764088035e-04
-3.5173801006749272e-04
-7.4631348252296448e-04
-3.0712987063452601e-04
-6.3999666599556804e-04
-2.0073396444786340e-04
-6.2462431378662586e-04
-1.8542942416388541e-04
-5.4790021385997534e-04
-1.0892117279581726e-04
-4.7115018242038786e-04
-3.2526702852919698e-05
-3.9465352892875671e-04
4.3472242396092042e-05
-2.8817181009799242e-04
1.4932046178728342e-04
-2.7404323918744922e-04
1.6268025501631200e-04
-1.6942509682849050e-04
2.0536564989015460e-04
-1.2716071796603501e-04
3.3816177165135741e-04
-2.5422285034437664e-05
3.7772319046780467e-04
1.3483887414622586e-05
4.1537417564541101e-04
5.0371156248729676e-05
5.4244953207671642e-04
1.4606142940465361e-04
6.0615350957959890e-04
2.0880319061689079e-04
6.3681451138108969e-04
2.3840596259105951e-04
7.2579894913360476e-04
3.2625091262161732e-04
7.5087137520313263e-04
3.8062210660427809e-04
8.0342905130237341e-04
4.3188958079554141e-04
8.5281481733545661e-04
4.7992411418817937e-04
9.2941999901086092e-04
5.5511947721242905e-04
1.0026156669482589e-03
5.9633859200403094e-04
9.8075252026319504e-04
6.0349318664520979e-04
1.0468529071658850e-03
6.6805968526750803e-04
1.0787807404994965e-03
6.9842615630477667e-04
1.1375172762200236e-03
7.2506524156779051e-04
1.1009566951543093e-03
7.4794661486521363e-04
1.1521802516654134e-03
7.6705479295924306e-04
1.1996278772130609e-03
8.1290694652125239e-04
1.1822700034826994e-03
7.9396297223865986e-04
1.1916796211153269e-03
7.7128579141572118e-04
1.1973722139373422e-03
7.7543186489492655e-04
1.1993971420451999e-03
7.4542220681905746e-04
1.1672966647893190e-03
7.7287538442760706e-04
1.1621775338426232e-03
7.6631898991763592e-04
1.1536098318174481e-03
7.5635936809703708e-04
1.1416884372010827e-03
7.4310263153165579e-04
1.0960050858557224e-03
6.6562200663611293e-04
1.0166772408410907e-03
6.4611609559506178e-04
1.0564217809587717e-03
6.2367925420403481e-04
1.0322700254619122e-03
5.9845601208508015e-04
9.7488641040399671e-04
5.7059415848925710e-04
9.7597768763080239e-04
5.4025388089939952e-04
9.1363419778645039e-04
5.0759734585881233e-04
9.1009528841823339e-04
4.7279641148634255e-04
8.4346171934157610e-04
4.3602727237157524e-04
8.3598576020449400e-04
4.2798899812623858e-04
7.6577544678002596e-04
3.8782655610702932e-04
7.2457245551049709e-04
3.1573633896186948e-04
7.1256671799346805e-04
3.3397047081962228e-04
6.6891254391521215e-04
2.9013573657721281e-04
6.2431913102045655e-04
2.4546086206100881e-04
5.7898083468899131e-04
2.0013720495626330e-04
5.3308909991756082e-04
1.2383821012917906e-04
4.8683534259907901e-04
1.0831073450390249e-04
4.7092817840166390e-04
6.2186998547986150e-05
4.2451810440979898e-04
-1.4344735973281786e-05
3.1727278837934136e-04
-6.0067097365390509e-05
2.7144266641698778e-04
-1.0531843145145103e-04
2.5668853777460754e-04
-1.4992644719313830e-04
1.8162674678023905e-04
-1.9372042152099311e-04
1.9901365158148110e-04
-2.6705698110163212e-04
9.5383904408663511e-05
-3.0874201911501586e-04
5.3996282076695934e-05
-3.7966293166391551e-04
1.3964530808152631e-05
-3.8812175625935197e-04
5.9432345551613253e-06
-4.2553816456347704e-04
-6.1489918152801692e-05
-4.6126771485432982e-04
-1.2717608478851616e-04
-4.9519038293510675e-04
-1.2996557052247226e-04
-5.2719912491738796e-04
-1.6130731091834605e-04
-5.5719050578773022e-04
-1.9058783072978258e-04
-5.8507703943178058e-04
-2.4823687272146344e-04
-6.4129120437428355e-04
-3.0366051942110062e-04
-6.3420890364795923e-04
-2.9575746157206595e-04
-6.8583962274715304e-04
-3.1602146918885410e-04
-7.0457643596455455e-04
-2.7285443502478302e-04
-6.9037883076816797e-04
-3.1880501774139702e-04
-7.0425024023279548e-04
-3.3177799195982516e-04
-7.1564788231626153e-04
-3.7278959644027054e-04
-7.5507833389565349e-04
-4.1131360922008753e-04
-7.3099031578749418e-04
-4.1683643939904869e-04
-7.3493388481438160e-04
-3.8936911732889712e-04
-7.3641684139147401e-04
-3.5945090348832309e-04
-7.0494378451257944e-04
-3.5762955667451024e-04
-7.3210289701819420e-04
-3.5342594492249191e-04
-7.2638527490198612e-04
-3.7740677362307906e-04
-7.1835931157693267e-04
-3.6859247484244406e-04
-7.0808775490149856e-04
-2.9652967350557446e-04
-7.2615372482687235e-04
-2.8336085961200297e-04
-6.5056490711867809e-04
-3.5968283191323280e-04
-6.6450802842155099e-04
-3.1195822521112859e-04
-6.1548384837806225e-04
-2.3183251323644072e-04
-6.2565860571339726e-04
-2.7199127362109721e-04
-6.0358247719705105e-04
-2.1891671349294484e-04
-5.7987810578197241e-04
-2.5582191301509738e-04
-5.5465754121541977e-04
-1.6919695190154016e-04
-5.2803225116804242e-04
-1.7278411542065442e-04
-5.0012592691928148e-04
-1.7514984938316047e-04
-4.4054188765585423e-04
-8.4866442193742841e-05
-4.1044186218641698e-04
-1.1568227637326345e-04
-4.4047058327123523e-04
-5.4103733418742195e-05
-3.7816734402440488e-04
-5.2847804909106344e-05
-3.7625117693096399e-04
1.0025234587374143e-05
-3.4330252674408257e-04
1.2312273611314595e-05
-3.0996641726233065e-04
7.5954150815960020e-05
-3.0689523555338383e-04
7.8749435488134623e-05
-2.4266367836389691e-04
1.1212364188395441e-04
-2.0895375928375870e-04
1.4542926510330290e-04
-1.4485533756669611e-04
1.7854160978458822e-04
-1.1153060768265277e-04
2.4185347137972713e-04
-1.0909867705777287e-04
2.4369356106035411e-04
-7.6647978858090937e-05
2.7550169033929706e-04
-4.4803331547882408e-05
3.0664048972539604e-04
-4.4194475776748732e-05
3.3700402127578855e-04
1.6620257156318985e-05
3.9700669003650546e-04
4.5987388148205355e-05
3.9499578997492790e-04
7.4329029303044081e-05
4.2243002098985016e-04
1.3207207666710019e-04
4.4870338751934469e-04
1.2757755757775158e-04
5.3476780885830522e-04
1.5231897123157978e-04
5.5847747717052698e-04
1.4518253738060594e-04
5.5027718190103769e-04
2.2817900753580034e-04
5.4062175331637263e-04
2.4865401792339981e-04
5.9048878028988838e-04
2.3707257059868425e-04
6.0827401466667652e-04
2.5442295009270310e-04
5.9393356787040830e-04
2.7014579973183572e-04
6.0846511041745543e-04
2.5368994101881981e-04
6.5183843253180385e-04
2.9658249695785344e-04
6.6299445461481810e-04
3.3776802592910826e-04
6.7243573721498251e-04
3.1619379296898842e-04
6.8015238502994180e-04
2.9289588565006852e-04
6.8614113843068480e-04
3.2890611328184605e-04
6.9040688686072826e-04
3.3268099650740623e-04
6.6244223853573203e-04
3.0423441785387695e-04
6.3278275774791837e-04
3.0462114955298603e-04
6.3196918927133083e-04
3.3386913128197193e-04
6.2951375730335712e-04
3.3097443520091474e-04
6.5597071079537272e-04
2.9597862157970667e-04
6.5034703584387898e-04
2.8995925094932318e-04
6.1268842546269298e-04
3.1296681845560670e-04
6.0408323770388961e-04
3.3453843207098544e-04
6.2458968022838235e-04
2.3266603238880634e-04
6.1323499539867043e-04
2.5155241019092500e-04
6.0060265241190791e-04
2.6919480296783149e-04
5.5624480592086911e-04
2.2463536879513413e-04
5.7179195573553443e-04
2.4001707788556814e-04
5.2524940110743046e-04
1.9334899843670428e-04
5.3876882884651423e-04
1.7626737826503813e-04
5.2088050870224833e-04
1.8885673489421606e-04
5.0218956312164664e-04
1.7017044592648745e-04
4.5226584188640118e-04
1.2029615754727274e-04
4.3223379179835320e-04
1.0035940067609772e-04
4.1166736627928913e-04
7.9932578955776989e-05
3.6014025681652129e-04
2.8593696697498672e-05
3.6929766065441072e-04
3.7985173548804596e-05
3.1716166995465755e-04
-1.3871627743355930e-05
2.9537780210375786e-04
2.5705197913339362e-05
3.0403607524931431e-04
-5.6816508731571957e-05
3.1271061743609607e-04
-7.8242679592221975e-05
2.6045623235404491e-04
-1.3003648200538009e-04
2.0839445642195642e-04
-9.0041816292796284e-05
1.8713007739279419e-04
-1.4127635222394019e-04
1.6622748808003962e-04
-1.6159031656570733e-04
1.4576906687580049e-04
-2.1193939028307796e-04
1.2583256466314197e-04
-2.0069222955498844e-04
1.0649276373442262e-04
-1.8881201685871929e-04
8.7822001660242677e-05
-2.6778117171488702e-04
3.9370112062897533e-05
-2.2391110542230308e-04
5.2755684009753168e-05
-2.7075875550508499e-04
3.6485522286966443e-05
-2.5568285491317511e-04
-9.3841535999672487e-06
-3.0069655622355640e-04
6.7499731812858954e-06
-2.8368041967041790e-04
-6.6146690187451895e-06
-3.2666142215020955e-04
-1.8919430658570491e-05
-3.3804436679929495e-04
-3.0126266210572794e-05
-3.4831216908060014e-04
-4.0203558455687016e-05
-3.8795050932094455e-04
-4.9119003961095586e-05
-3.3486430766060948e-04
-5.6851717090466991e-05
-3.1110327108763158e-04
-6.3383318774867803e-05
-3.4716748632490635e-04
-9.9217511888127774e-05
-3.5149452742189169e-04
-7.2792128776200116e-05
-3.8511300226673484e-04
-7.5658506830222905e-05
-3.5646991454996169e-04
-4.6780434786342084e-05
-3.5712012322619557e-04
-7.7717180829495192e-05
-3.8707404746674001e-04
-1.0744553583208472e-04
-4.1582217090763152e-04
-1.3597958604805171e-04
-4.1287153726443648e-04
-1.0230470070382580e-04
-3.7823873572051525e-04
-3.6962162994313985e-05
-3.7298948154784739e-04
-6.2050334236118942e-05
-3.9714964805170894e-04
-2.5015722712851129e-05
-3.8972243783064187e-04
-7.8479082731064409e-05
-3.2022554660215974e-04
-1.0041329369414598e-04
-3.7180783692747355e-04
-6.0341983044054359e-05
-3.9192484109662473e-04
-4.9865710025187582e-05
-3.5011040745303035e-04
-3.8516147469636053e-05
-3.6848217132501304e-04
-5.6862914789235219e-05
-3.2502517569810152e-04
-1.3409271559794433e-05
-2.8083214419893920e-04
-3.0281644285423681e-05
-2.9699300648644567e-04
1.4530889529851265e-05
-3.1253584893420339e-04
2.9414220989565365e-05
-2.6648514904081821e-04
-1.6212376067414880e-05
-2.1994202688802034e-04
3.0176597647368908e-05
-2.3400252393912524e-04
4.6445729822153226e-05
-1.5614631411153823e-04
9.3563496193382889e-05
-1.6954410239122808e-04
1.4094644575379789e-04
-1.5219260239973664e-04
9.6977048087865114e-05
-1.6519214841537178e-04
1.1417634959798306e-04
-1.4757238386664540e-04
1.6196086653508246e-04
-1.2991705443710089e-04
1.4871382154524326e-04
-1.1229358642594889e-04
1.9643991254270077e-04
-6.4244071836583316e-05
2.1352333715185523e-04
-7.7385971962939948e-05
2.3042054090183228e-04
-6.0227899666642770e-05
1.8603529315441847e-04
-1.2828421859012451e-05
2.6341510238125920e-04
-2.6798948965733871e-05
2.7939787833020091e-04
-1.0640798791428097e-05
2.6444569812156260e-04
5.0732678573695011e-06
2.7954191318713129e-04
2.0292662156862207e-05
2.9412060393951833e-04
3.4970442357007414e-05
2.7761555975303054e-04
4.9060916353482753e-05
3.2153644133359194e-04
6.2518927734345198e-05
3.3428866299800575e-04
4.4790445826947689e-05
3.7687076837755740e-04
5.6872548157116398e-05
3.2717612339183688e-04
1.2925011105835438e-04
3.6827885196544230e-04
7.8788303653709590e-05
3.7808134220540524e-04
1.1908018495887518e-04
3.8707608473487198e-04
1.2803800927940756e-04
3.6472271312959492e-04
1.0563805699348450e-04
4.0255882777273655e-04
1.1290174734313041e-04
3.7849848740734160e-04
1.4981492131482810e-04
4.1460085776634514e-04
1.2481780140660703e-04
4.1930750012397766e-04
6.8422668846324086e-05
3.9261454367078841e-04
1.3321384903974831e-04
3.6503866431303322e-04
1.3608952576760203e-04
3.6710247513838112e-04
7.7053555287420750e-05
3.9881217526271939e-04
1.3922143261879683e-04
3.9914259104989469e-04
1.7001458036247641e-04
3.6810603342019022e-04
1.3893375580664724e-04
3.9727429975755513e-04
1.3754767132923007e-04
4.2562998714856803e-04
1.3535880134440958e-04
3.9216128061525524e-04
1.0188022861257195e-04
3.5792886046692729e-04
9.8159754998050630e-05
3.5347885568626225e-04
1.5475795953534544e-04
3.7883923505432904e-04
1.4963143621571362e-04
3.4249230520799756e-04
1.4384834503289312e-04
3.6654277937486768e-04
7.6411917689256370e-05
3.2895870390348136e-04
9.9946140835527331e-05
3.5184790613129735e-04
9.2421061708591878e-05
3.4369918284937739e-04
8.4395389421842992e-05
3.3507106127217412e-04
7.5914722401648760e-05
2.9549078317359090e-04
3.6499572161119431e-05
3.1655502971261740e-04
5.7754255976760760e-05
3.0675693415105343e-04
4.8167305067181587e-05
2.9666005866602063e-04
3.8304664485622197e-05
2.8631149325519800e-04
5.8732650359161198e-05
2.4523987667635083e-04
4.8460715333931148e-05
2.6504721608944237e-04
3.8054280594224110e-05
2.2370857186615467e-04
5.8077814173884690e-05
2.7385973953641951e-04
-4.4007039832649752e-05
2.3244280600920320e-04
-2.4015427698031999e-05
2.2157275816425681e-04
-3.4490061807446182e-05
1.8026080215349793e-04
-7.5384225056041032e-05
1.6958563355728984e-04
-8.5619489254895598e-05
2.2010931570548564e-04
-6.5152387833222747e-05
1.1825057299574837e-04
-1.0549560829531401e-04
1.3870724069420248e-04
-1.1505593283800408e-04
1.2893370876554400e-04
-9.3795308202970773e-05
1.1948141036555171e-04
-1.0271115752402693e-04
1.4090567128732800e-04
-1.1125027958769351e-04
1.0168823791900650e-04
-1.4990121417213231e-04
6.2895509472582489e-05
-1.5759406960569322e-04
8.5591258539352566e-05
-1.3430039689410478e-04
7.8251367085613310e-05
-1.4102931891102344e-04
1.0193661000812426e-04
-1.4724404900334775e-04
3.4598579077282920e-05
-1.5291543968487531e-04
2.8846712666563690e-05
-1.5802784764673561e-04
5.4181022278498858e-05
-1.6256525123026222e-04
1.9064078514929861e-05
-1.6650940233375877e-04
4.5579326979350299e-05
-1.6985450929496437e-04
7.2702197940088809e-05
-2.3362203501164913e-04
8.8881188275991008e-06
-2.0521946134977043e-04
3.7247751606628299e-05
-2.0671130914706737e-04
3.5713186662178487e-05
-1.7706243670545518e-04
4.2847873373830225e-06
-1.4679128071293235e-04
3.9967053453437984e-06
-1.7693582049105316e-04
3.4843833418563008e-05
-2.0646562916226685e-04
5.2650452744273935e-06
-1.7435598419979215e-04
6.8063036451349035e-06
-2.6372069260105491e-04
8.9363629740546457e-06
-1.9991515728179365e-04
1.1642544450296555e-05
-1.9657568191178143e-04
4.5425746066030115e-05
-2.2320583229884505e-04
4.9234076868742704e-05
-1.8826783343683928e-04
2.3047834474709816e-05
-1.8333618936594576e-04
-2.6378756956546567e-06
-1.7791485879570246e-04
3.3188844099640846e-05
-1.7202802700921893e-04
3.8951951864873990e-05
-1.6570222214795649e-04
4.5140979636926204e-05
-1.5896446711849421e-04
5.1730472478084266e-05
-1.5184198855422437e-04
2.8171269150334410e-05
-1.1384629760868847e-04
6.5988817368634045e-05
-1.0604370618239045e-04
7.3597162554506212e-05
-1.5898472338449210e-04
5.0967519200639799e-05
-1.5062768943607807e-04
8.9617606136016548e-05
-8.1007048720493913e-05
9.7964220913127065e-05
-7.2225448093377054e-05
1.0649027535691857e-04
-9.3798051238991320e-05
1.1516278755152598e-04
-5.4205989727051929e-05
1.2394745135679841e-04
-1.0607410513330251e-04
1.3281211431603879e-04
-9.6844298241194338e-05
1.1120488488813862e-04
-8.7585329310968518e-05
1.5064541366882622e-04
-4.7813267883611843e-05
1.2903060996904969e-04
-3.8595237128902227e-05
1.6840004536788911e-04
-5.9963927924400195e-05
1.4664899208582938e-04
-5.0913396989926696e-05
1.5530212840531021e-04
-4.1994819184765220e-05
1.6381069144699723e-04
-2.7184178179595619e-06
2.0266363571863621e-04
5.8541395446809474e-06
1.8028066551778466e-04
-1.6308165868395008e-05
1.5766953583806753e-04
2.2325459212879650e-05
1.9584060646593571e-04
3.0175133360899054e-05
2.3373521980829537e-04
7.2182824624178465e-06
2.1029516938142478e-04
1.4468638255493715e-05
2.4756978382356465e-04
5.1903927669627592e-05
2.5398685829713941e-04
2.7955997211392969e-05
2.2952875588089228e-04
3.4157790651079267e-05
2.3521436378359795e-04
3.9977239794097841e-05
2.4051129003055394e-04
7.5919713708572090e-05
2.1488894708454609e-04
5.0418802857166156e-05
2.4989066878333688e-04
5.5018084822222590e-05
2.5395301054231822e-04
5.9192483604419976e-05
2.5758604169823229e-04
9.3449547421187162e-05
2.6078688097186387e-04
9.6754098194651306e-05
2.6354906731285155e-04
3.8583559216931462e-05
2.6587140746414661e-04
4.1008228436112404e-05
2.3723716731183231e-04
7.3509741923771799e-05
2.6919893571175635e-04
7.5055562774650753e-05
2.3969095491338521e-04
7.6168653322383761e-05
2.7078829589299858e-04
7.6854761573486030e-05
2.7094496181234717e-04
1.0763668979052454e-04
2.7068678173236549e-04
1.0749175271485001e-04
2.7002347633242607e-04
7.6428026659414172e-05
2.6896572671830654e-04
7.5493313488550484e-05
2.6752738631330431e-04
7.4183990363962948e-05
2.6572099886834621e-04
7.2513932536821812e-05
2.3304660862777382e-04
7.0500311267096549e-05
2.6107105077244341e-04
6.8156878114677966e-05
2.5826031924225390e-04
6.5506232203915715e-05
2.8566786204464734e-04
3.2047402783064172e-05
2.2124331735540181e-04
5.9352169046178460e-05
2.1759394439868629e-04
8.6408559582196176e-05
2.7474231319501996e-04
5.2200732170604169e-05
2.0960348774679005e-04
1.7787266187951900e-05
2.3582369612995535e-04
4.4225169403944165e-05
2.0083723939023912e-04
9.4668475867365487e-06
1.6570284788031131e-04
5.0888093028333969e-06
2.2199646627996117e-04
3.1116753234528005e-05
2.1715454931836575e-04
-3.9819824451114982e-06
1.5119914314709604e-04
2.1887357434025034e-05
1.7674203263595700e-04
-1.3319517165655270e-05
1.7173805099446326e-04
-1.8029884813586250e-05
1.6672768106218427e-04
-2.2735282982466742e-05
1.6173190670087934e-04
3.3620115573285148e-05
1.5677564078941941e-04
-3.2046384148998186e-05
1.2136313307564706e-04
-3.6605484638130292e-05
1.1654963600449264e-04
-4.1073544707614928e-05
1.4235764683689922e-04
-4.5427608711179346e-05
1.0725419997470453e-04
-4.9650869186734781e-05
1.3332860544323921e-04
-5.3719981224276125e-05
1.2904762115795165e-04
-8.8138491264544427e-05
9.4429626187775284e-05
-6.1335464124567807e-05
1.2104084453312680e-04
-6.4838903199415654e-05
5.6310651416424662e-05
-6.8135981564410031e-05
8.3361170254647732e-05
-7.1195740019902587e-05
1.1065269063692540e-04
-7.4007490184158087e-05
7.7160213550087065e-05
-1.0708157788030803e-04
7.4450843385420740e-05
-7.8851000580471009e-05
4.1497798520140350e-05
-8.0860474554356188e-05
8.8273882283829153e-06
-8.2584978372324258e-05
6.7999462771695107e-05
-5.3498413763009012e-05
6.6432905441615731e-05
-5.4630399972666055e-05
6.5168780565727502e-05
-1.1649446969386190e-04
6.4210333221126348e-05
-8.6501007899641991e-05
1.2459434219636023e-04
-8.6715983343310654e-05
1.2425330351106822e-04
-1.1714017455233261e-04
9.3704307801090181e-05
-5.5703912948956713e-05
6.3462990510743111e-05
-1.1603009625105187e-04
3.3526655897730961e-05
-1.1501942935865372e-04
6.4928550273180008e-05
-1.1371007713023573e-04
6.6111599153373390e-05
-8.1588397733867168e-05
6.7584565840661526e-05
-1.1021332466043532e-04
6.9344212533906102e-05
-7.7525473898276687e-05
7.1379683504346758e-05
-1.0559960355749354e-04
7.3683746450114995e-05
-7.2375893068965524e-05
1.0676345846150070e-04
-9.9935612524859607e-05
1.0957296763081104e-04
-6.6219028667546809e-05
5.1583949243649840e-05
-1.2382546265143901e-04
8.5372361354529858e-05
-8.9662185928318650e-05
8.8853099441621453e-05
-5.5296004575211555e-05
9.2533082352019846e-05
-8.1774684076663107e-05
6.5877291490323842e-05
-7.7560922363772988e-05
1.0042673966381699e-04
-4.2668110836530104e-05
7.4094175943173468e-05
-9.9182929261587560e-05
4.7900015488266945e-05
-3.3499221899546683e-05
8.2864033174701035e-05
-2.8737087632180192e-05
8.7416949099861085e-05
-5.4394164180848747e-05
9.2060465249232948e-05
-4.9452119128545746e-05
6.6260647145099938e-05
-7.4962707003578544e-05
1.0155374184250832e-04
-8.8704227891867049e-06
7.5854033639188856e-05
-3.4298212995054200e-05
1.1121499119326472e-04
-2.9193121008574963e-05
1.1606815678533167e-04
-5.4604945034952834e-05
1.2091475946363062e-04
-1.8994433048646897e-05
1.2573995627462864e-04
-7.4967771070078015e-05
1.0001157352235168e-04
-8.9155319074052386e-06
1.0474918963154778e-04
2.6558507670415565e-05
1.0942057269858196e-04
9.2481786850839853e-07
8.3495411672629416e-05
3.6238983739167452e-05
1.1851254384964705e-04
-2.0099758330616169e-05
1.2290674203541130e-04
1.5002515283413231e-05
1.5770106983836740e-04
1.9462255295366049e-05
1.0081467917189002e-04
2.3787415557308123e-05
1.6585871344432235e-04
-2.5505619305477012e-06
1.6971855075098574e-04
3.1990417483029887e-05
8.1866957771126181e-05
5.3355797717813402e-06
1.7695472342893481e-04
9.0253679445595481e-06
1.1927974992431700e-04
4.3053849367424846e-05
1.5297667414415628e-04
4.6378576371353120e-05
1.5596963930875063e-04
4.9515536375110969e-05
1.5877056284807622e-04
5.2455572586040944e-05
1.3085764658171684e-04
2.4680566639290191e-05
1.3326377666089684e-04
5.7737674069358036e-05
1.3546756235882640e-04
2.9557926609413698e-05
1.6798614524304867e-04
9.2724796559195966e-05
1.6978266648948193e-04
6.4134117565117776e-05
1.4085727161727846e-04
9.6374169515911490e-05
1.4224745973479003e-04
3.6858415114693344e-05
1.7395315808244050e-04
6.8693814682774246e-05
1.4442541578318924e-04
3.9296472095884383e-05
1.1470117897260934e-04
7.0738635258749127e-05
1.4582194853574038e-04
4.0956245356937870e-05
1.4623763854615390e-04
4.1507064452162012e-05
1.4647214266005903e-04
4.1877196053974330e-05
1.4653158723376691e-04
7.2591901698615402e-05
1.1590466601774096e-04
4.2106730688828975e-05
1.7666917119640857e-04
1.1461076610430609e-05
1.7624416796024889e-04
4.1701121517689899e-05
1.1463857663329691e-04
4.1280309233115986e-05
1.4444875705521554e-04
1.0209888387180399e-05
1.7413181194569916e-04
4.0049024391919374e-05
1.4266082143876702e-04
3.9256883610505611e-05
1.4159851707518101e-04
3.8360722101060674e-05
1.7095537623390555e-04
3.7368183257058263e-05
1.0867224773392081e-04
3.6292589356889948e-05
1.3786205090582371e-04
4.6253026084741578e-06
1.3646796287503093e-04
3.4128124752896838e-06
1.3501655485015363e-04
3.2665549952071160e-05
1.3351884263101965e-04
3.1358780688606203e-05
1.0146848944714293e-04
-4.9669142754282802e-07
1.3042792852502316e-04
-3.2374220609199256e-05
6.7820983531419188e-05
2.7293461243971251e-05
9.6761999884620309e-05
-4.5935721573187038e-06
9.5192175649572164e-05
-5.9525200413190760e-06
9.3638074758928269e-05
-7.2903903856058605e-06
9.2109985416755080e-05
-8.5993142420193180e-06
9.0617715613916516e-05
-9.8702339528244920e-06
5.8651807194110006e-05
-4.1608502215240151e-05
8.7775071733631194e-05
1.8261569493915886e-05
8.6441854364238679e-05
-1.3357329407881480e-05
8.5178246081341058e-05
-1.4385486792889424e-05
8.3991602878086269e-05
-1.5334762792917900e-05
8.2890008343383670e-05
-1.6196479919017293e-05
8.1878941273316741e-05
-1.6964420865406282e-05
8.0964251537807286e-05
-4.8152494855457917e-05
8.0152698501478881e-05
-1.8200358681497164e-05
4.8930531193036586e-05
-4.9175247113453224e-05
4.8338573833461851e-05
-1.9002611225005239e-05
4.7862049541436136e-05
-8.0264391726814210e-05
4.7505058319075033e-05
-4.9855487304739654e-05
4.7270015784306452e-05
-4.9840269639389589e-05
1.6641246475046501e-05
-4.9703077820595354e-05
4.7173849452519789e-05
-4.9438625865150243e-05
1.6798265278339386e-05
-4.9048492655856535e-05
1.7067784938262776e-05
-1.8013923181570135e-05
1.7465137716499157e-05
-4.7889221605146304e-05
7.9024197475519031e-05
-4.7119530790951103e-05
-1.1879440535267349e-05
-1.5710222214693204e-05
4.9930378736462444e-05
-4.5211483666207641e-05
2.0308614693931304e-05
-4.4077947677578777e-05
2.1324009139789268e-05
-4.2826453864108771e-05
5.2973009587731212e-05
-4.1460767533862963e-05
5.4217860451899469e-05
-3.9984206523513421e-05
2.5054097932297736e-05
-3.8404148654080927e-05
2.6511937903705984e-05
-3.6723002267535776e-05
-2.4484770619892515e-06
-4.4261405491852202e-06
2.9722536055487581e-05
-3.3075080864364281e-05
6.1982340412214398e-05
-9.2153670266270638e-05
6.3808176491875201e-05
-5.9601276007015258e-05
6.5711516072042286e-05
-5.7492019550409168e-05
6.7686429247260094e-05
-2.4798962840577587e-05
3.9209655369631946e-05
-2.2561709556612186e-05
7.1826849307399243e-05
1.0247826139675453e-05
4.3459920561872423e-05
-1.7930644389707595e-05
7.6173819252289832e-05
-4.6067932998994365e-05
4.7890534915495664e-05
-1.3136796951584984e-05
8.0674202763475478e-05
-1.0695444871089421e-05
5.2447554480750114e-05
-8.2350397860864177e-06
5.4755633755121380e-05
-5.7601409935159609e-06
8.7591717601753771e-05
-3.2813140933285467e-06
8.9914319687522948e-05
-3.1318653782363981e-05
6.1716105847153813e-05
-2.8846738132415339e-05
3.3508404158055782e-05
-2.6388974220026284e-05
9.6837567980401218e-05
-2.3949560272740200e-05
6.8591791205108166e-05
8.9798368207993917e-06
4.0317518141819164e-05
-1.9159364455845207e-05
7.3044604505412281e-05
-1.6814843547763303e-05
1.0573071631370112e-04
-1.4517969248117879e-05
7.7337281254585832e-05
4.8766407417133451e-05
4.8893263738136739e-05
-1.0073285011458211e-05
8.1429163401480764e-05
2.2581107259611599e-05
8.3387778431642801e-05
-5.8627692851587199e-06
8.5283078078646213e-05
-3.8548832890228368e-06
5.6592212786199525e-05
2.8599741199286655e-05
5.8348930906504393e-05
3.0463359507848509e-05
9.0548048319760710e-05
1.7321908671874553e-06
9.2153291916474700e-05
3.3957621781155467e-05
6.3161431171465665e-05
5.0667404138948768e-06
6.4605483203195035e-05
3.7127476389287040e-05
1.2700137449428439e-04
8.0682393672759645e-06
6.7243374360259622e-05
-2.1077434212202206e-05
9.8952339612878859e-05
1.0723533705458976e-05
1.0005823423853144e-04
1.1926285878871568e-05
7.0560970925725996e-05
1.3037841199547984e-05
1.3253034558147192e-04
4.4581593101611361e-05
7.2344417276326567e-05
1.5003515727585182e-05
1.0362693865317851e-04
1.5860978237469681e-05
7.3791285103652626e-05
4.7150475438684225e-05
1.0490985005162656e-04
1.7323840438621119e-05
4.4395972508937120e-05
4.8453250201418996e-05
7.5357915193308145e-05
-1.2047465133946389e-05
1.0624410788295791e-04
1.8930728401755914e-05
4.5505850721383467e-05
-1.1198106221854687e-05
7.6251060818322003e-05
1.9640121536212973e-05
7.6413067290559411e-05
1.9895411242032424e-05
7.6512420491781086e-05
5.0604983698576689e-05
7.6553340477403253e-05
2.0224295440129936e-05
7.6538242865353823e-05
8.1339887401554734e-05
1.0699051199480891e-04
2.0334919099695981e-05
7.6360884122550488e-05
2.0323070202721283e-05
4.5688520913245156e-05
2.0267390937078744e-05
7.6012693170923740e-05
2.0174597011646256e-05
7.5785537774208933e-05
2.0049972590641119e-05
1.0604596172925085e-04
-1.0620787179504987e-05
4.4729866203851998e-05
-1.0797895811265334e-05
7.4945368396583945e-05
1.9523276932886802e-05
7.4627765570767224e-05
1.9313880329718813e-05
7.4298834078945220e-05
-1.1423388968978543e-05
7.3963870818261057e-05
1.8868344341171905e-05
7.3625240474939346e-05
1.8641007045516744e-05
7.3289491410832852e-05
-1.2098656043235678e-05
7.2960465331561863e-05
1.8202055798610672e-05
7.2641036240383983e-05
-1.2519477422756609e-05
4.1818559111561626e-05
1.7811980796977878e-05
4.1533032344887033e-05
1.7638474673731253e-05
1.0750840374385007e-05
-4.3541822378756478e-05
7.1547154220752418e-05
-4.3661639210768044e-05
7.1337577537633479e-05
-1.3234446669230238e-05
4.0641825762577355e-05
-1.3292130461195484e-05
4.0500406612409279e-05
1.7203605239046738e-05
4.0396171243628487e-05
-1.3297325494932011e-05
4.0332484786631539e-05
-4.3758009269367903e-05
4.0312414057552814e-05
-4.3657157220877707e-05
4.0337006794288754e-05
-4.3511470721568912e-05
4.0408151107840240e-05
-7.3836534284055233e-05
4.0528098907088861e-05
-4.3077205191366374e-05
4.0697588701732457e-05
1.8247614207211882e-05
4.0918617742136121e-05
1.8589555111248046e-05
4.1191186028299853e-05
-1.1534732948348392e-05
4.1516213968861848e-05
-1.1090543921454810e-05
4.1894392779795453e-05
-4.1111514292424545e-05
4.2326246330048889e-05
-1.0046138413599692e-05
4.2811145249288529e-05
-9.4443157649948262e-06
4.3347688915673643e-05
-8.7916978372959420e-06
1.3419744391285349e-05
-8.0880527093540877e-06
1.4060961802897509e-05
-7.3337473622814287e-06
1.4752746210433543e-05
-6.5308022385579534e-06
4.6011333324713632e-05
-5.6813337323546875e-06
-1.4234898117138073e-05
-4.7818994062254205e-06
1.7117894458351657e-05
-3.4358257835265249e-05
-1.2518617950263433e-05
-2.8554595701280050e-06
-1.1595700925681740e-05
-1.8290065781911835e-06
5.0403203204041347e-05
-7.6369360613171011e-07
2.0888659491902217e-05
-3.0179780878825113e-05
2.1927184207015671e-05
-2.9044051188975573e-05
2.3000160581432283e-05
-2.7875757950823754e-05
5.4622229072265327e-05
-5.7197103160433471e-05
5.5754811910446733e-05
5.0611338338057976e-06
5.6914024753496051e-05
3.6825957067776471e-05
2.7578345907386392e-05
7.5772213676827960e-06
5.9298989071976393e-05
-2.1654175725416280e-05
-5.1635015552164987e-07
-2.0353214495116845e-05
7.1847262006485835e-07
4.1996267100330442e-05
-2.8552594812936150e-05
-4.8233509005513042e-05
3.2203861337620765e-06
-1.6384992704843171e-05
6.5516993345227093e-05
1.5465680917259306e-05
5.7461975302430801e-06
-1.3717412912228610e-05
3.7528625398408622e-05
1.8132963305106387e-05
3.8790702092228457e-05
1.9461147530819289e-05
9.5300711109302938e-06
-9.7364945759181865e-06
1.0780086086015217e-05
-8.4253479144535959e-06
7.3053997766692191e-05
5.3907850087853149e-05
4.3761923734564334e-05
2.4675393433426507e-05
-1.6062256690929644e-05
-4.5773558667860925e-06
4.6166012907633558e-05
-3.3847682061605155e-05
4.7339381126221269e-05
5.8929912484018132e-05
4.8491634515812621e-05
2.9615246603498235e-05
4.9619502533460036e-05
-3.0244485969888046e-05
2.0205814507789910e-05
-2.9093715056660585e-05
5.1799757784465328e-05
2.5440049284952693e-06
2.2329604689730331e-05
3.6353130781208165e-06
-7.1694103098707274e-06
4.6966761146904901e-06
5.4853448091307655e-05
-2.4793156626401469e-05
2.5291334168286994e-05
6.7199189288658090e-06
2.6214172976324335e-05
7.6812848419649526e-06
2.7103707907372154e-05
8.6081563495099545e-06
-2.5579274733900093e-06
9.5004324975889176e-06
2.8780068532796577e-05
1.0363880392105784e-05
6.0084239521529526e-05
-1.9340328435646370e-05
6.0837446653749794e-05
4.2482926801312715e-05
3.1037845474202186e-05
1.2716134733636864e-05
3.1721083360025659e-05
1.3432971172733232e-05
1.8519331206334755e-06
1.4112648386799265e-05
3.2986114092636853e-05
4.5278859033714980e-05
3.0518294806824997e-06
1.5374898794107139e-05
3.4120344935217872e-05
1.5957128198351711e-05
6.5156571508850902e-05
-1.4009753613208886e-05
3.5129036405123770e-05
-1.3489850061887410e-05
3.5589124308899045e-05
1.7517220840090886e-05
3.6022167478222400e-05
-1.2537317161331885e-05
3.6427536542760208e-05
-1.2101442735001910e-05
-2.4226559617090970e-05
1.8826980522135273e-05
3.7165009416639805e-05
-1.1304813597234897e-05
3.7498852179851383e-05
-1.0939470485027414e-05
3.7812689697602764e-05
1.9919907572329976e-05
7.5897942224401049e-06
2.0245002815499902e-05
3.8384067011065781e-05
-9.9647741080843844e-06
3.8645499444101006e-05
2.0844618120463565e-05
6.9410074502229691e-05
8.2157057477161288e-05
8.6093350546434522e-06
2.1387182641774416e-05
3.9351281884592026e-05
-8.8749666247167625e-06
7.0083937316667289e-05
-8.6286736404872499e-06
3.9774669858161360e-05
-8.3894983617938124e-06
3.9977148844627663e-05
2.2361857190844603e-05
4.0176651964429766e-05
-7.9256969911511987e-06
4.0373299270868301e-05
-7.6973055911366828e-06
1.0052395737147890e-05
2.3048434741212986e-05
1.0250257219013292e-05
2.3277651052922010e-05
4.0968254324980080e-05
-7.0072865128167905e-06
1.0654922334651928e-05
-6.7734836193267256e-06
1.0865319381991867e-05
2.3986569431144744e-05
4.1599407268222421e-05
-6.2817971411277540e-06
4.1824205254670233e-05
2.4492088414262980e-05
1.1541183994268067e-05
2.4757986466283910e-05
7.2821021603886038e-05
-5.4833790272823535e-06
1.2041733498335816e-05
-3.5714638215722516e-05
4.2827858123928308e-05
-4.8978336053551175e-06
1.2591308404807933e-05
2.5931192794814706e-05
4.3404168536653742e-05
-4.2601859604474157e-06
4.3713807826861739e-05
5.7112370996037498e-05
1.3520530956157017e-05
-3.5679281609191094e-06
1.3860882972949184e-05
2.7318779757479206e-05
1.4216686395229772e-05
2.7702586521627381e-05
7.5624222517944872e-05
2.8101218049414456e-05
-1.5540676031378098e-05
-2.0008933461213019e-06
1.5381365301436745e-05
-1.5711138985352591e-06
1.5802226698724553e-05
2.9393506338237785e-05
-1.4278542948886752e-05
-3.1180003134068102e-05
1.6691952623659745e-05
-1.8601258489070460e-07
-1.3357910574995913e-05
3.0823655833955854e-05
1.7643193132244051e-05
8.1196048995479941e-07
-1.2375850928947330e-05
1.3321241567609832e-06
-1.1863916370202787e-05
3.2382493373006582e-05
-1.1337028809066396e-05
3.2928732252912596e-05
-4.1315401176689193e-05
2.9686343623325229e-06
2.0271723769837990e-05
3.4055799915222451e-05
-9.6832445706240833e-06
4.1168377720168792e-06
2.1408774045994505e-05
-2.5811154046095908e-05
-8.5255232988856733e-06
5.3051089707878418e-06
2.2585212718695402e-05
5.9112489907420240e-06
-3.7849389627808705e-05
6.5243193603237160e-06
-3.7240373785607517e-05
-2.3378948753816076e-05
-3.6626053770305589e-05
-2.2751188225811347e-05
-5.4889792409085203e-06
3.8913880416657776e-05
2.5652003387222067e-05
-2.1490139261004515e-05
-4.2384840526210610e-06
-2.0857329218415543e-05
2.6907997380476445e-05
1.0295278116245754e-05
-2.9795055525028147e-06
-5.0104121328331530e-05
-3.2866450055735186e-05
-1.8953212929773144e-05
-1.7183750742333359e-06
-4.8838504881132394e-05
-1.0906155694101471e-06
-1.7691872926661745e-05
3.0052611691644415e-05
1.3451435734168626e-05
1.5721553836556268e-07
-4.6962231863290071e-05
-2.9742062906734645e-05
-1.5828281902940944e-05
-2.9129951144568622e-05
1.5298383004846983e-05
3.2512503821635619e-05
1.5901663573458791e-05
2.5951530915335752e-06
1.6497286196681671e-05
3.3705597161315382e-05
-1.3432821106107440e-05
-2.6743531634565443e-05
-1.2852812687924597e-05
4.3503832785063423e-06
1.8233415175927803e-05
3.5436481994111091e-05
1.8793671188177541e-05
5.4778229241492227e-06
-1.1173589882673696e-05
3.6544173781294376e-05
5.0401009502820671e-05
6.5659451138344593e-06
-1.0105686669703573e-05
7.0951796260487754e-06
5.1448008889565244e-05
-2.2903883291292004e-05
5.1954484661109746e-05
8.1215730460826308e-06
-8.5848287199041806e-06
8.6190939327934757e-06
2.2416301362682134e-05
3.9622958865948021e-05
2.2889753381605260e-05
4.0099650504998863e-05
-7.1649101300863549e-06
1.0047047908301465e-05
-6.7133141783415340e-06
1.0502335499040782e-05
-6.2724648159928620e-06
-1.9568615243770182e-05
-5.8429918681213167e-06
1.1384051504137460e-05
2.5094619559240527e-05
1.1810296200565062e-05
2.5504197765258141e-05
1.2228010746184736e-05
2.5906536393449642e-05
-1.7881167877931148e-05
-4.2191973079752643e-06
-1.7480291717220098e-05
-3.8352900446625426e-06
-4.7605244617443532e-05
-3.4597642297740094e-06
1.3815848433296196e-05
2.7426003725850023e-05
1.4195353287504986e-05
-2.7295172912999988e-06
-4.6466335334116593e-05
-2.3731854525976814e-06
1.4937248124624602e-05
-2.0233092072885484e-06
-1.5216033716569655e-05
2.8839513106504455e-05
1.5660963981645182e-05
2.9180650017224252e-05
1.6017995221773162e-05
-9.9898898042738438e-07
1.6371648598578759e-05
2.9853652449673973e-05
1.6724303350201808e-05
3.0186653020791709e-05
4.7592962800990790e-05
1.0745679901447147e-09
-1.3091909750073683e-05
3.0850122129777446e-05
4.8293757572537288e-05
3.1181694794213399e-05
4.8645633796695620e-05
3.1513605790678412e-05
1.8480892322259024e-05
1.3292847143020481e-06
1.8835788068827242e-05
3.2181076676351950e-05
1.9194258129573427e-05
2.0027337086503394e-06
1.9555327526177280e-05
3.2860181818250567e-05
1.9920205886592157e-05
3.3203919883817434e-05
-1.0228099199593998e-05
3.3552129025338218e-05
-9.8541440820554271e-06
3.3874912332976237e-06
2.1042811567895114e-05
3.7449790397658944e-06
-9.0900593932019547e-06
3.4625620173756033e-05
2.1818843379151076e-05
4.4758962758351117e-06
5.2733354095835239e-05
4.8513029469177127e-06
-7.8977009252412245e-06
5.2318155212560669e-06
2.3030079319141805e-05
5.6181406762334518e-06
-3.7588561099255458e-05
6.0099118854850531e-06
2.3870667064329609e-05
-2.4103825126076117e-05
-6.2158737819117960e-06
6.8166737037245184e-06
-5.7772576838033274e-06
7.2294087658519857e-06
-5.3332287279772572e-06
7.6491669460665435e-06
-4.8818874347489327e-06
8.0731151683721691e-06
-3.4941007470479235e-05
-2.2012703993823379e-05
2.6558540412224829e-05
-2.1576111976173706e-05
2.7029185730498284e-05
9.3837716121925041e-06
2.7505366233526729e-05
9.8307536973152310e-06
2.7987025532638654e-05
1.0283975825586822e-05
-2.0438401406863704e-06
1.0738957826106343e-05
-1.5522155081271194e-06
1.1199586879229173e-05
-1.0573960480542155e-06
-1.8855453163268976e-05
-6.1594146245624870e-05
1.2128522939747199e-05
3.0459887057077140e-05
4.3114399886690080e-05
-3.0071536457398906e-05
-1.7451175153837539e-05
-2.9566394005087204e-05
1.3537397535401396e-05
-2.9059439839329571e-05
-1.6508814951521344e-05
3.2483327231602743e-05
-1.6035262888181023e-05
2.4837622731865849e-06
1.4961143278924283e-05
3.0106202757451683e-06
-1.5074641851242632e-05
3.5465484415908577e-06
-1.4591083527193405e-05
4.0884465306589846e-06
-1.4105242371442728e-05
4.6361901695490815e-06
1.6897953173611313e-05
5.1881838771805633e-06
1.7380561985191889e-05
-5.5292177421506494e-05
-1.2657478691835422e-05
-2.4218614271376282e-05
4.8853842599783093e-05
6.8555282268789597e-06
-1.1710454600688536e-05
7.4101831160078291e-06
1.9271237761131488e-05
3.8480531657114625e-05
-1.0790119631565176e-05
-2.2005397113389336e-05
-1.0341810593672562e-05
9.0559051386662759e-06
-9.9041817520628683e-06
9.5945151770138182e-06
-9.4761962827760726e-06
1.0126551387656946e-05
-3.9578662835992873e-05
4.1168201278196648e-05
2.1860154447495006e-05
-4.9868911446537822e-05
2.2250393158174120e-05
-1.8845204976969399e-05
2.2627196813118644e-05
1.2168547073088121e-05
-7.5269808803568594e-06
-4.8380785301560536e-05
2.3339811377809383e-05
-1.7388660126016475e-05
-6.8433391788857989e-06
1.3591979950433597e-05
5.4509102483280003e-05
-1.6474097719765268e-05
2.4295306502608582e-05
-1.6035448425100185e-05
-5.9339349718356971e-06
1.4909564924892038e-05
-5.6604449127917178e-06
4.5841276005376130e-05
-3.5920154914492741e-05
-4.5308843255043030e-05
-3.5678429412655532e-05
4.6634162572445348e-05
-4.9327231863571797e-06
-1.4023419680597726e-05
-4.7178500608424656e-06
-1.3657554518431425e-05
2.5998400815296918e-05
1.7214842955581844e-05
-3.4849908843170851e-05
1.7558299077791162e-05
-4.1589823922549840e-06
-1.2626505849766545e-05
2.6520445317146368e-05
1.8213175280834548e-05
-3.8472990127047524e-06
-1.1991690371360164e-05
-3.7091110698384000e-06
-1.1688022823364008e-05
-3.5805403513222700e-06
-1.1393218301236629e-05
2.7056108592660166e-05
-1.1106343663414009e-05
2.7166737709194422e-05
-1.0826381185324863e-05
-3.3765147236408666e-05
-1.0553148058534134e-05
-3.1515476166532608e-06
-1.0285672942700330e-05
-3.0624139526480576e-06
5.1011073082918301e-05
2.7539823349798098e-05
2.0750982002937235e-05
5.8136982261203229e-05
-9.5132336355163716e-06
5.8213019656250253e-05
2.1254121747915633e-05
-2.7488274554343661e-06
5.2018946007592604e-05
2.7839972972287796e-05
5.2264102123444900e-05
-2.6090651772392448e-06
-3.9045280573191121e-05
5.8494912082096562e-05
2.2231872208067216e-05
-2.4723481146793347e-06
2.2472891942015849e-05
2.8112994186813012e-05
2.2713767975801602e-05
-2.3354766653937986e-06
-7.5626830948749557e-06
-2.2652352527074981e-06
-7.3215569500462152e-06
-2.1929622562311124e-06
2.3437867639586329e-05
-2.1201581148488913e-06
-6.8374733928067144e-06
-3.2561412808718160e-05
2.3923243134049699e-05
-1.9651085949590197e-06
-6.3504403442493640e-06
-1.8838273945220863e-06
-6.1060695770720486e-06
-1.8011364772974048e-06
2.4656936147948727e-05
-3.2232732337433845e-05
-3.6132518289377913e-05
-1.6263348925349419e-06
2.5148898203042336e-05
-1.5351129150076304e-06
2.5394865588168614e-05
-1.4425070276047336e-06
2.5640874810051173e-05
-1.3473578519551666e-06
-3.5149128962075338e-05
-1.2506027360359440e-06
2.6130399419344030e-05
-1.1522797649377026e-06
-4.1442740439379122e-06
-3.1570943974656984e-05
-3.9034553083183710e-06
-9.5354806717296015e-07
-3.6650360470957821e-06
2.9664277462870814e-05
2.7088082788395695e-05
2.9763861675746739e-05
-3.1975393994798651e-06
-3.1171868613455445e-05
-3.3487343898741528e-05
-5.5694380307613756e-07
-2.7466089704830665e-06
3.0056431569391862e-05
2.7988802685285918e-05
-3.6747599096997874e-07
2.8200702217873186e-05
-3.0794210033491254e-05
-3.2628769986331463e-05
-1.8934268553039146e-07
-1.9124599930364639e-06
-3.0623141356045380e-05
-1.7213690171047347e-06
3.0491137295030057e-05
-1.5382369156213826e-06
4.8294857890596177e-08
2.9154251024010591e-05
3.0635372240794823e-05
2.9320059184101410e-05
3.0699404305778444e-05
-1.0408731441202690e-06
2.4011939103729674e-07
-3.1411294912686571e-05
-3.0225446607801132e-05
-3.1274037610273808e-05
3.3792551334954624e-07
2.9888224162277766e-05
3.7713442679887521e-07
-5.1237657316960394e-07
4.0986279259414005e-07
-4.0561729974797345e-07
-3.0081640943535604e-05
-3.0922959126655769e-07
4.5522619984694757e-07
-2.2311236591576744e-07
4.6793053343208157e-07
3.0370349122676998e-05
-3.0043331207707524e-05
3.0436291126534343e-05
3.0991999665275216e-05
6.1010134231764823e-05
-3.0049113775021397e-05
2.1820524054305679e-08
4.5692985395362484e-07
5.9694166054669040e-08
4.4012105604451790e-07
8.9025633087658207e-08
3.0936247640056536e-05
1.1039758618380802e-07
3.9289324149649474e-07
3.0641971534350887e-05
-3.0154051273711957e-05
1.3161694312202599e-07
6.1366299632936716e-05
1.3289761113810528e-07
2.9646275834238622e-07
1.2892948575426999e-07
3.0777813663007692e-05
1.2054421461016318e-07
2.2322610959690792e-07
1.0861798926953270e-07
3.0703846277901903e-05
-6.0941078118048608e-05
1.5023039168227115e-07
7.7841960433033819e-08
1.1598179128213815e-07
6.0894336684214068e-08
8.4447407289189869e-08
-3.0473358492599800e-05
5.6535959913617262e-08
3.0546420020982623e-05
3.3202159244183349e-08
1.5781736806275148e-08
3.0532952223438770e-05
3.0523642635671422e-05
3.9975565080396791e-09
6.1035869293846190e-05
